
Array Size = 50
    71    22    68    85    92    40    49    34    46    98
    15    57    65    26     7    21    78    61    54    40
    64    21    41    70    94    66    44    48     2     8
    28    38    25    20    14    25     6    45    13    29
     7    80    12    32    18    86    57    27    48    48


Array Size = 50
  1041  1095  1006  1030  1065  1021  1055  1094  1064  1088
  1001  1043  1062  1074  1097  1031  1078  1029  1080  1057
  1019  1097  1024  1057  1052  1086  1020  1093  1066  1054
  1085  1035  1083  1079  1045  1039  1099  1096  1070  1057
  1099  1031  1040  1096  1006  1028  1082  1090  1090  1010


Array Size = 50
  2039  2007  2023  2058  2061  2016  2083  2004  2019  2040
  2023  2080  2055  2034  2022  2034  2077  2081  2066  2025
  2069  2068  2041  2067  2032  2002  2014  2073  2047  2028
  2054  2085  2026  2037  2043  2051  2035  2081  2027  2073
  2063  2053  2050  2000  2086  2030  2057  2042  2076  2034


Array Size = 50
  3028  3052  3039  3018  3046  3023  3028  3010  3041  3089
  3049  3052  3044  3075  3013  3095  3070  3083  3055  3009
  3042  3003  3005  3051  3039  3040  3019  3017  3075  3037
  3004  3042  3032  3008  3002  3041  3049  3080  3071  3026
  3021  3073  3077  3081  3018  3099  3076  3089  3084  3052


Array Size = 50
  4023  4085  4010  4019  4028  4088  4045  4031  4093  4008
  4030  4081  4089  4050  4024  4029  4053  4024  4029  4034
  4064  4092  4070  4061  4082  4058  4034  4056  4034  4042
  4021  4034  4069  4012  4003  4006  4057  4091  4079  4018
  4002  4073  4036  4009  4008  4009  4034  4009  4068  4002


Array Size = 50
  5054  5088  5008  5063  5083  5072  5045  5084  5038  5007
  5090  5065  5057  5092  5017  5052  5053  5097  5006  5046
  5006  5000  5006  5075  5087  5010  5000  5034  5007  5061
  5096  5028  5035  5024  5097  5039  5095  5032  5024  5048
  5026  5083  5078  5064  5079  5043  5029  5094  5044  5075


Array Size = 50
  6026  6007  6099  6048  6035  6085  6023  6003  6036  6063
  6062  6095  6035  6042  6097  6009  6000  6020  6000  6070
  6007  6098  6030  6002  6065  6065  6017  6058  6040  6012
  6025  6035  6086  6063  6073  6011  6096  6012  6054  6004
  6015  6023  6083  6047  6005  6019  6098  6048  6046  6065


Array Size = 50
  7062  7092  7069  7052  7011  7019  7062  7008  7063  7004
  7069  7008  7016  7088  7059  7084  7002  7026  7066  7032
  7052  7011  7089  7007  7057  7017  7072  7017  7094  7001
  7062  7015  7090  7091  7032  7037  7099  7051  7055  7031
  7039  7096  7028  7054  7092  7057  7063  7018  7028  7057


Array Size = 50
  8049  8084  8078  8074  8084  8057  8083  8005  8023  8072
  8089  8065  8011  8027  8061  8061  8015  8027  8086  8036
  8012  8073  8063  8060  8094  8006  8057  8049  8033  8038
  8053  8086  8080  8082  8047  8000  8020  8051  8004  8063
  8003  8063  8084  8070  8095  8010  8096  8069  8027  8072


Array Size = 50
  9076  9014  9005  9063  9018  9092  9007  9065  9057  9079
  9099  9056  9050  9071  9082  9025  9077  9062  9042  9040
  9095  9050  9050  9084  9021  9049  9000  9044  9037  9090
  9040  9046  9039  9014  9098  9096  9004  9060  9063  9090
  9036  9037  9008  9073  9048  9095  9033  9053  9010  9081


Array Size = 50
 10010 10031 10023 10071 10036 10025 10035 10092 10073 10044
 10067 10036 10063 10043 10026 10061 10041 10037 10023 10007
 10097 10084 10027 10062 10059 10002 10032 10074 10031 10090
 10014 10088 10042 10054 10098 10010 10024 10015 10045 10082
 10030 10029 10086 10002 10004 10003 10016 10086 10048 10098


Array Size = 50
 11068 11019 11093 11073 11049 11076 11056 11087 11050 11056
 11077 11071 11011 11018 11017 11068 11099 11065 11067 11076
 11007 11045 11035 11091 11017 11008 11011 11028 11014 11013
 11098 11065 11000 11075 11023 11049 11026 11076 11078 11001
 11097 11031 11004 11088 11052 11076 11013 11029 11037 11014


Array Size = 50
 12060 12048 12079 12049 12068 12028 12084 12000 12073 12042
 12026 12001 12055 12061 12095 12035 12091 12081 12046 12028
 12033 12027 12060 12059 12061 12029 12084 12036 12080 12001
 12023 12089 12007 12047 12071 12050 12049 12099 12074 12019
 12086 12091 12085 12051 12068 12093 12026 12084 12035 12031


Array Size = 50
 13008 13077 13011 13079 13043 13046 13095 13081 13093 13047
 13006 13002 13090 13059 13012 13078 13063 13001 13049 13006
 13090 13015 13068 13059 13009 13002 13097 13033 13016 13054
 13068 13098 13009 13091 13020 13045 13079 13072 13092 13018
 13035 13043 13005 13068 13001 13045 13099 13086 13014 13093


Array Size = 50
 14099 14083 14041 14034 14024 14063 14002 14039 14070 14009
 14024 14042 14038 14016 14075 14016 14040 14004 14061 14004
 14004 14082 14070 14010 14054 14024 14011 14063 14012 14055
 14043 14073 14038 14086 14083 14008 14094 14043 14055 14074
 14065 14085 14067 14023 14099 14018 14006 14042 14068 14069


Array Size = 50
 15004 15022 15089 15022 15003 15015 15043 15090 15012 15083
 15091 15031 15039 15088 15078 15069 15009 15071 15024 15091
 15055 15098 15005 15098 15048 15044 15063 15093 15034 15040
 15037 15040 15061 15098 15048 15085 15039 15079 15065 15042
 15028 15075 15089 15039 15092 15062 15005 15094 15099 15059


Array Size = 50
 16087 16035 16091 16008 16035 16081 16088 16017 16094 16087
 16058 16060 16013 16037 16090 16046 16025 16008 16054 16038
 16002 16032 16060 16040 16039 16001 16089 16088 16064 16044
 16017 16005 16055 16043 16068 16034 16016 16080 16048 16028
 16019 16041 16096 16095 16040 16031 16045 16083 16066 16081


Array Size = 50
 17058 17062 17013 17028 17036 17055 17047 17099 17098 17072
 17096 17018 17011 17094 17048 17099 17044 17015 17078 17060
 17064 17029 17050 17004 17024 17010 17034 17035 17049 17028
 17016 17051 17061 17059 17012 17066 17061 17093 17059 17044
 17011 17052 17019 17016 17086 17017 17096 17018 17034 17076


Array Size = 50
 18032 18035 18043 18051 18045 18094 18025 18001 18068 18071
 18093 18040 18060 18067 18060 18088 18055 18001 18075 18098
 18026 18089 18093 18001 18059 18022 18082 18029 18049 18044
 18013 18082 18092 18022 18097 18051 18031 18024 18012 18020
 18036 18059 18066 18063 18066 18029 18032 18088 18008 18018


Array Size = 50
 19074 19060 19001 19078 19097 19096 19086 19075 19080 19023
 19067 19012 19033 19020 19047 19021 19041 19098 19082 19019
 19080 19071 19038 19056 19075 19042 19083 19014 19000 19049
 19020 19000 19054 19057 19084 19056 19001 19023 19018 19048
 19081 19018 19016 19009 19077 19075 19090 19073 19063 19020


Array Size = 50
 20030 20020 20037 20057 20020 20052 20017 20045 20057 20069
 20071 20079 20037 20047 20056 20097 20037 20046 20019 20026
 20031 20067 20071 20028 20033 20062 20014 20038 20023 20061
 20009 20009 20062 20099 20046 20041 20006 20025 20029 20081
 20052 20033 20002 20035 20002 20008 20038 20076 20017 20070


Array Size = 50
 21010 21051 21053 21037 21083 21018 21067 21016 21061 21038
 21075 21033 21036 21027 21037 21058 21041 21028 21078 21085
 21036 21027 21079 21099 21018 21029 21096 21036 21086 21035
 21077 21004 21052 21062 21000 21063 21016 21052 21037 21079
 21085 21025 21084 21056 21067 21088 21075 21065 21063 21054


Array Size = 50
 22049 22038 22014 22004 22009 22048 22005 22060 22074 22090
 22029 22077 22025 22062 22024 22068 22059 22011 22077 22087
 22026 22083 22019 22059 22048 22060 22084 22028 22013 22057
 22049 22013 22078 22007 22073 22081 22033 22040 22057 22036
 22043 22044 22090 22022 22036 22061 22000 22060 22004 22003


Array Size = 50
 23045 23005 23044 23031 23085 23080 23085 23007 23099 23056
 23099 23075 23034 23091 23047 23046 23076 23075 23008 23079
 23062 23058 23046 23064 23049 23095 23026 23019 23010 23094
 23096 23024 23004 23095 23015 23043 23026 23083 23063 23032
 23098 23096 23031 23007 23068 23079 23000 23005 23095 23009


Array Size = 50
 24080 24050 24084 24056 24084 24034 24056 24075 24091 24049
 24048 24070 24085 24029 24012 24087 24009 24049 24010 24040
 24073 24057 24022 24006 24096 24065 24056 24053 24057 24005
 24064 24034 24021 24049 24071 24070 24030 24028 24011 24071
 24018 24061 24098 24062 24010 24087 24025 24076 24090 24077


Array Size = 50
 25000 25020 25045 25078 25005 25027 25097 25024 25078 25035
 25023 25002 25013 25026 25082 25068 25097 25067 25089 25026
 25039 25021 25019 25001 25017 25010 25065 25092 25018 25066
 25056 25004 25009 25030 25044 25090 25006 25085 25071 25050
 25024 25072 25049 25011 25037 25030 25055 25054 25036 25019


Array Size = 50
 26054 26045 26054 26025 26049 26068 26068 26068 26028 26041
 26058 26062 26056 26011 26051 26029 26000 26021 26076 26039
 26072 26024 26099 26030 26001 26042 26017 26063 26094 26000
 26092 26028 26060 26075 26046 26060 26026 26088 26082 26095
 26006 26067 26021 26011 26009 26028 26073 26086 26063 26094


Array Size = 50
 27059 27084 27094 27012 27065 27036 27032 27074 27060 27014
 27026 27026 27058 27084 27050 27054 27001 27005 27057 27034
 27096 27001 27000 27073 27024 27014 27033 27061 27078 27004
 27087 27078 27042 27033 27013 27074 27078 27017 27026 27038
 27069 27003 27086 27030 27082 27032 27089 27073 27025 27096


Array Size = 50
 28074 28064 28068 28094 28098 28011 28040 28001 28025 28046
 28017 28097 28040 28095 28034 28085 28059 28014 28013 28013
 28007 28027 28013 28060 28021 28081 28005 28013 28013 28089
 28015 28004 28070 28073 28032 28004 28063 28065 28011 28098
 28043 28038 28055 28019 28065 28088 28040 28053 28060 28025


Array Size = 50
 29067 29079 29080 29024 29028 29043 29041 29039 29057 29080
 29082 29040 29026 29079 29068 29039 29044 29097 29075 29062
 29000 29053 29043 29088 29027 29004 29060 29092 29023 29088
 29073 29091 29075 29077 29001 29086 29051 29017 29010 29023
 29014 29025 29022 29084 29063 29075 29044 29072 29067 29098


Array Size = 50
 30025 30093 30034 30033 30044 30025 30006 30004 30045 30086
 30026 30031 30094 30093 30080 30031 30056 30032 30016 30094
 30048 30089 30004 30023 30019 30088 30004 30091 30080 30013
 30088 30013 30044 30090 30000 30073 30081 30000 30007 30062
 30016 30005 30013 30039 30097 30023 30081 30076 30026 30017


Array Size = 50
 31095 31009 31080 31083 31052 31056 31064 31025 31054 31062
 31097 31024 31069 31048 31082 31029 31027 31096 31041 31033
 31029 31005 31017 31091 31067 31094 31023 31079 31076 31041
 31018 31058 31090 31092 31087 31066 31063 31088 31014 31013
 31042 31089 31057 31097 31054 31053 31038 31073 31066 31086


Array Size = 50
 32040 32062 32034 32047 32035 32040 32067 32008 32096 32056
 32073 32060 32084 32041 32067 32069 32063 32050 32099 32057
 32047 32096 32098 32051 32039 32044 32052 32031 32076 32006
 32072 32067 32008 32049 32085 32053 32088 32099 32084 32077
 32060 32078 32058 32015 32027 32061 32065 32018 32045 32083


Array Size = 50
 33086 33051 33042 33024 33012 33069 33005 33030 33058 33083
 33045 33036 33022 33047 33024 33051 33025 33059 33042 33060
 33030 33060 33006 33076 33048 33030 33081 33015 33042 33067
 33003 33063 33077 33083 33013 33026 33034 33065 33062 33015
 33083 33001 33089 33079 33012 33052 33037 33074 33075 33091


Array Size = 50
 34000 34083 34046 34064 34089 34095 34035 34020 34034 34031
 34045 34016 34040 34070 34056 34007 34077 34048 34007 34080
 34076 34009 34069 34078 34037 34059 34023 34018 34091 34021
 34022 34093 34098 34013 34083 34043 34057 34072 34068 34089
 34080 34086 34008 34011 34060 34096 34011 34064 34016 34061


Array Size = 50
 35039 35038 35022 35014 35025 35070 35017 35098 35087 35093
 35052 35031 35081 35025 35028 35087 35049 35079 35093 35057
 35050 35003 35056 35046 35076 35068 35082 35018 35087 35086
 35011 35007 35032 35084 35036 35069 35021 35068 35058 35047
 35085 35066 35027 35060 35064 35018 35089 35046 35087 35028


Array Size = 50
 36015 36043 36026 36074 36080 36055 36071 36026 36083 36063
 36059 36054 36056 36067 36026 36019 36073 36000 36080 36037
 36054 36053 36093 36003 36062 36021 36002 36078 36092 36000
 36045 36073 36054 36084 36099 36014 36044 36019 36043 36023
 36074 36081 36086 36098 36026 36084 36026 36035 36022 36056


Array Size = 50
 37030 37013 37065 37019 37074 37019 37016 37055 37006 37015
 37014 37076 37029 37008 37051 37005 37036 37068 37031 37017
 37018 37091 37066 37097 37088 37032 37069 37027 37089 37081
 37038 37074 37079 37077 37074 37089 37092 37094 37090 37077
 37042 37073 37048 37083 37002 37039 37049 37071 37048 37036


Array Size = 50
 38020 38059 38039 38046 38062 38080 38001 38049 38078 38041
 38058 38095 38072 38088 38018 38041 38080 38051 38064 38062
 38086 38054 38064 38092 38027 38084 38089 38087 38083 38062
 38051 38066 38083 38014 38066 38027 38079 38000 38087 38008
 38056 38095 38035 38028 38054 38065 38064 38036 38050 38039


Array Size = 50
 39037 39002 39099 39035 39025 39072 39070 39048 39054 39051
 39080 39079 39007 39096 39081 39014 39034 39051 39009 39082
 39075 39057 39035 39066 39019 39062 39092 39059 39048 39062
 39006 39038 39032 39068 39061 39014 39075 39018 39034 39053
 39029 39059 39044 39007 39048 39003 39026 39071 39032 39048


Array Size = 50
 40019 40040 40006 40081 40022 40046 40064 40071 40094 40029
 40030 40022 40002 40001 40003 40098 40067 40031 40030 40062
 40086 40057 40072 40015 40058 40000 40034 40044 40022 40071
 40094 40046 40098 40099 40062 40025 40033 40013 40067 40034
 40084 40070 40025 40017 40076 40086 40053 40069 40053 40085


Array Size = 50
 41092 41040 41047 41009 41055 41078 41045 41030 41022 41014
 41099 41096 41014 41069 41012 41044 41051 41061 41064 41043
 41081 41091 41090 41095 41003 41075 41054 41050 41046 41010
 41071 41059 41040 41031 41040 41002 41046 41017 41064 41042
 41002 41048 41074 41082 41032 41011 41066 41033 41077 41097


Array Size = 50
 42077 42089 42014 42028 42072 42091 42075 42096 42003 42023
 42096 42010 42051 42094 42059 42069 42094 42032 42051 42045
 42078 42077 42083 42009 42095 42065 42020 42076 42083 42018
 42033 42001 42055 42002 42078 42072 42062 42092 42065 42035
 42049 42013 42067 42067 42064 42024 42081 42070 42090 42098


Array Size = 50
 43002 43090 43047 43033 43032 43012 43032 43091 43069 43093
 43009 43018 43005 43015 43070 43099 43096 43006 43022 43013
 43029 43022 43088 43024 43082 43098 43003 43078 43048 43068
 43026 43001 43066 43093 43031 43026 43004 43044 43040 43001
 43029 43004 43071 43081 43049 43018 43071 43094 43091 43019


Array Size = 50
 44084 44098 44041 44065 44096 44012 44086 44058 44017 44074
 44036 44066 44068 44084 44046 44027 44052 44071 44000 44059
 44095 44010 44071 44075 44073 44011 44024 44011 44046 44062
 44018 44066 44005 44000 44036 44006 44074 44036 44019 44052
 44037 44056 44053 44058 44075 44007 44058 44080 44053 44020


Array Size = 50
 45065 45021 45082 45038 45091 45074 45070 45072 45070 45060
 45090 45017 45075 45063 45050 45097 45023 45080 45057 45080
 45022 45023 45098 45079 45021 45038 45071 45040 45080 45088
 45037 45068 45089 45039 45099 45097 45050 45057 45084 45003
 45075 45013 45021 45018 45054 45014 45006 45001 45025 45042


Array Size = 50
 46071 46092 46026 46010 46013 46049 46076 46036 46034 46046
 46016 46072 46062 46095 46037 46072 46047 46049 46067 46040
 46068 46042 46072 46030 46031 46051 46054 46076 46052 46088
 46094 46009 46040 46005 46048 46080 46062 46075 46059 46002
 46050 46077 46031 46072 46004 46040 46011 46073 46023 46024


Array Size = 50
 47098 47069 47000 47002 47034 47098 47048 47042 47026 47028
 47038 47009 47012 47031 47020 47040 47064 47086 47039 47045
 47074 47082 47085 47042 47005 47051 47030 47017 47035 47098
 47041 47076 47067 47033 47081 47043 47078 47017 47038 47006
 47010 47051 47088 47087 47035 47089 47053 47099 47062 47087


Array Size = 50
 48049 48044 48030 48094 48016 48030 48025 48063 48090 48090
 48092 48098 48056 48029 48079 48092 48002 48078 48064 48057
 48059 48044 48027 48007 48090 48025 48089 48072 48099 48018
 48027 48032 48083 48002 48073 48078 48012 48086 48061 48073
 48046 48071 48005 48019 48055 48025 48054 48044 48056 48090


Array Size = 50
 49046 49077 49083 49088 49087 49068 49089 49054 49058 49059
 49028 49044 49009 49019 49007 49092 49030 49086 49024 49045
 49068 49039 49022 49082 49057 49097 49026 49017 49059 49090
 49000 49080 49021 49011 49011 49039 49051 49060 49069 49069
 49038 49099 49003 49074 49052 49026 49017 49086 49024 49023


Array Size = 50
 50013 50021 50031 50095 50080 50012 50011 50083 50092 50048
 50030 50091 50081 50006 50092 50020 50031 50051 50020 50035
 50005 50020 50024 50009 50093 50002 50037 50099 50004 50089
 50015 50052 50017 50020 50037 50002 50048 50017 50015 50046
 50051 50010 50097 50006 50089 50020 50007 50098 50081 50076


Array Size = 50
 51046 51076 51037 51008 51091 51074 51034 51025 51019 51086
 51097 51031 51072 51027 51087 51015 51046 51032 51005 51039
 51013 51006 51003 51095 51023 51054 51000 51015 51002 51073
 51046 51062 51035 51017 51016 51068 51038 51001 51015 51049
 51050 51082 51006 51021 51095 51076 51065 51045 51077 51043


Array Size = 50
 52051 52061 52094 52047 52003 52021 52040 52099 52031 52026
 52013 52010 52014 52099 52088 52020 52036 52001 52028 52024
 52076 52007 52015 52020 52007 52060 52061 52040 52051 52046
 52011 52096 52061 52066 52031 52046 52043 52046 52033 52057
 52096 52071 52066 52008 52091 52033 52034 52028 52015 52094


Array Size = 50
 53078 53001 53063 53024 53006 53048 53061 53078 53089 53033
 53054 53019 53003 53003 53020 53003 53000 53045 53004 53070
 53044 53072 53030 53012 53016 53048 53074 53011 53031 53035
 53026 53095 53016 53075 53028 53004 53034 53063 53037 53079
 53085 53054 53031 53068 53027 53036 53056 53072 53071 53078


Array Size = 50
 54016 54018 54058 54074 54070 54040 54024 54064 54083 54050
 54029 54011 54069 54022 54067 54008 54097 54095 54057 54092
 54056 54058 54075 54040 54054 54084 54004 54026 54061 54049
 54012 54042 54046 54009 54084 54027 54035 54072 54054 54086
 54036 54066 54070 54010 54077 54079 54011 54016 54048 54063


Array Size = 50
 55035 55037 55037 55045 55080 55057 55021 55001 55028 55016
 55097 55056 55053 55089 55024 55076 55067 55079 55056 55017
 55025 55061 55071 55042 55052 55036 55024 55075 55077 55018
 55004 55090 55028 55062 55006 55013 55047 55076 55009 55085
 55083 55096 55077 55044 55073 55021 55006 55095 55022 55058


Array Size = 50
 56069 56005 56038 56053 56056 56058 56067 56072 56035 56037
 56004 56026 56038 56060 56099 56031 56048 56039 56076 56000
 56098 56031 56072 56036 56035 56078 56076 56096 56004 56062
 56033 56016 56024 56060 56075 56009 56012 56076 56000 56004
 56054 56071 56096 56060 56064 56093 56043 56073 56081 56084


Array Size = 50
 57043 57056 57072 57036 57077 57050 57060 57092 57095 57099
 57062 57034 57068 57012 57068 57058 57039 57067 57048 57047
 57062 57077 57029 57055 57036 57029 57088 57018 57013 57049
 57066 57006 57087 57090 57049 57040 57000 57020 57049 57089
 57009 57086 57044 57071 57033 57045 57014 57017 57076 57081


Array Size = 50
 58042 58067 58000 58071 58081 58011 58073 58023 58049 58050
 58061 58018 58056 58027 58037 58034 58055 58039 58069 58051
 58078 58054 58069 58010 58026 58086 58072 58086 58095 58000
 58085 58004 58039 58013 58037 58058 58054 58061 58014 58066
 58040 58082 58068 58032 58073 58051 58001 58045 58039 58038


Array Size = 50
 59048 59039 59059 59018 59058 59023 59048 59083 59019 59046
 59073 59068 59057 59001 59035 59024 59004 59008 59046 59041
 59012 59060 59002 59092 59037 59031 59018 59059 59002 59033
 59028 59098 59094 59042 59030 59085 59081 59045 59064 59012
 59045 59057 59003 59072 59014 59067 59042 59069 59033 59038


Array Size = 50
 60047 60013 60051 60061 60088 60011 60086 60061 60014 60070
 60022 60061 60064 60082 60022 60011 60038 60002 60065 60085
 60050 60031 60075 60067 60085 60071 60017 60082 60096 60027
 60069 60066 60026 60058 60087 60098 60079 60023 60010 60089
 60087 60043 60027 60050 60034 60089 60030 60025 60050 60002


Array Size = 50
 61073 61027 61046 61067 61012 61072 61061 61069 61068 61068
 61003 61084 61023 61024 61052 61043 61094 61033 61089 61043
 61027 61098 61061 61002 61043 61063 61068 61072 61078 61030
 61062 61007 61031 61003 61091 61028 61093 61088 61033 61054
 61047 61071 61007 61065 61077 61093 61077 61012 61046 61098


Array Size = 50
 62077 62059 62058 62038 62056 62084 62035 62082 62018 62062
 62070 62031 62095 62027 62089 62018 62067 62010 62026 62096
 62050 62046 62075 62015 62096 62091 62016 62013 62031 62084
 62038 62036 62086 62012 62032 62020 62069 62017 62022 62073
 62025 62000 62034 62033 62027 62084 62000 62054 62090 62064


Array Size = 50
 63056 63084 63009 63087 63090 63031 63016 63074 63002 63044
 63056 63009 63020 63054 63020 63001 63008 63014 63020 63071
 63011 63043 63026 63011 63033 63060 63072 63060 63042 63076
 63083 63069 63000 63044 63075 63099 63089 63043 63024 63052
 63004 63027 63089 63029 63016 63024 63000 63037 63098 63078


Array Size = 50
 64047 64015 64010 64096 64084 64087 64040 64020 64009 64084
 64043 64079 64016 64015 64051 64008 64015 64002 64008 64054
 64008 64013 64078 64039 64012 64022 64096 64075 64007 64019
 64038 64050 64000 64084 64080 64073 64095 64076 64088 64043
 64048 64053 64083 64049 64082 64079 64012 64048 64005 64095


Array Size = 50
 65074 65008 65027 65087 65027 65032 65000 65028 65075 65083
 65019 65014 65097 65023 65037 65023 65042 65001 65020 65023
 65067 65050 65097 65051 65078 65015 65089 65098 65078 65068
 65023 65035 65041 65079 65079 65001 65057 65057 65021 65072
 65078 65043 65059 65039 65017 65075 65097 65040 65047 65068


Array Size = 50
 66071 66082 66012 66001 66023 66019 66064 66043 66011 66011
 66048 66098 66006 66027 66042 66054 66069 66077 66034 66048
 66077 66061 66033 66080 66009 66001 66000 66071 66071 66042
 66047 66025 66002 66091 66018 66002 66051 66047 66049 66040
 66027 66066 66005 66056 66087 66025 66093 66022 66037 66052


Array Size = 50
 67075 67067 67005 67025 67015 67072 67024 67095 67097 67063
 67067 67061 67056 67078 67033 67006 67016 67011 67021 67030
 67031 67014 67042 67071 67028 67043 67001 67013 67096 67034
 67000 67068 67030 67035 67074 67093 67094 67079 67058 67077
 67030 67080 67060 67040 67051 67065 67022 67000 67077 67018


Array Size = 50
 68007 68046 68091 68051 68047 68064 68071 68059 68009 68080
 68037 68096 68081 68048 68028 68036 68063 68075 68016 68069
 68056 68068 68039 68031 68066 68016 68027 68039 68096 68002
 68097 68000 68036 68083 68003 68091 68067 68081 68097 68030
 68022 68055 68036 68067 68008 68063 68015 68049 68002 68082


Array Size = 50
 69086 69047 69034 69016 69037 69014 69009 69015 69066 69034
 69042 69089 69018 69034 69071 69033 69035 69042 69078 69041
 69008 69050 69027 69059 69057 69084 69095 69059 69061 69012
 69071 69074 69024 69086 69076 69055 69007 69072 69069 69026
 69017 69046 69068 69095 69088 69053 69006 69093 69061 69019


Array Size = 50
 70037 70088 70017 70084 70090 70048 70086 70026 70030 70090
 70016 70037 70068 70021 70067 70020 70038 70013 70014 70015
 70089 70029 70020 70095 70059 70096 70022 70092 70086 70052
 70044 70072 70010 70094 70087 70085 70029 70043 70006 70093
 70001 70099 70024 70097 70088 70040 70035 70050 70040 70026


Array Size = 50
 71090 71065 71035 71061 71089 71029 71076 71066 71024 71069
 71046 71070 71096 71042 71042 71054 71063 71052 71053 71089
 71080 71048 71051 71023 71066 71009 71053 71003 71037 71003
 71072 71012 71028 71061 71042 71052 71053 71034 71004 71077
 71045 71008 71061 71008 71077 71004 71095 71021 71030 71013


Array Size = 50
 72043 72092 72067 72094 72059 72051 72002 72040 72090 72049
 72019 72083 72098 72058 72014 72013 72068 72082 72042 72017
 72074 72056 72011 72084 72047 72035 72018 72010 72053 72009
 72041 72076 72062 72054 72099 72027 72017 72013 72003 72020
 72068 72013 72026 72027 72002 72025 72059 72067 72049 72041


Array Size = 50
 73038 73036 73001 73068 73017 73097 73023 73088 73039 73075
 73037 73061 73017 73079 73056 73092 73083 73053 73001 73048
 73051 73006 73072 73060 73027 73087 73099 73052 73005 73078
 73078 73064 73034 73043 73020 73099 73008 73049 73055 73087
 73024 73085 73029 73097 73054 73008 73059 73013 73043 73080


Array Size = 50
 74070 74065 74068 74068 74039 74005 74045 74026 74086 74078
 74073 74070 74083 74010 74034 74013 74084 74086 74051 74061
 74008 74014 74090 74027 74034 74088 74016 74012 74053 74099
 74048 74064 74020 74046 74003 74001 74076 74049 74079 74062
 74053 74006 74009 74082 74030 74045 74012 74001 74080 74083


Array Size = 50
 75068 75002 75058 75058 75003 75055 75050 75042 75005 75009
 75029 75076 75037 75005 75069 75046 75067 75029 75039 75050
 75044 75079 75062 75030 75013 75093 75001 75026 75025 75023
 75085 75064 75012 75065 75082 75055 75053 75070 75080 75014
 75041 75043 75021 75058 75076 75006 75005 75041 75028 75013


Array Size = 50
 76068 76009 76044 76027 76012 76071 76099 76061 76016 76086
 76060 76021 76080 76080 76060 76098 76065 76077 76048 76059
 76026 76039 76036 76072 76041 76039 76042 76015 76013 76059
 76060 76079 76087 76028 76032 76069 76072 76085 76079 76087
 76094 76023 76098 76021 76074 76090 76066 76059 76064 76064


Array Size = 50
 77051 77033 77080 77078 77091 77002 77097 77044 77056 77090
 77060 77034 77066 77025 77087 77045 77029 77091 77080 77013
 77025 77039 77074 77023 77088 77007 77087 77007 77079 77043
 77004 77038 77094 77080 77028 77035 77037 77046 77018 77060
 77049 77083 77092 77067 77048 77049 77039 77022 77079 77056


Array Size = 50
 78051 78047 78053 78083 78051 78032 78078 78062 78081 78040
 78074 78037 78065 78094 78007 78009 78081 78001 78012 78092
 78077 78062 78079 78076 78010 78075 78003 78068 78095 78078
 78055 78066 78014 78010 78049 78011 78093 78082 78011 78064
 78056 78012 78099 78069 78068 78044 78096 78093 78043 78078


Array Size = 50
 79005 79001 79096 79016 79036 79050 79063 79046 79034 79092
 79094 79080 79028 79056 79017 79051 79055 79071 79034 79070
 79018 79066 79068 79087 79010 79002 79051 79060 79091 79057
 79078 79056 79030 79091 79087 79014 79026 79085 79044 79040
 79057 79011 79029 79013 79055 79087 79026 79085 79077 79016


Array Size = 50
 80004 80088 80052 80098 80028 80021 80017 80018 80091 80078
 80039 80005 80006 80097 80001 80032 80019 80055 80064 80077
 80090 80024 80053 80013 80012 80000 80001 80062 80018 80086
 80017 80051 80049 80041 80071 80006 80017 80063 80006 80041
 80034 80067 80096 80081 80092 80074 80061 80028 80003 80067


Array Size = 50
 81054 81011 81015 81053 81081 81045 81048 81018 81043 81043
 81033 81068 81078 81070 81017 81057 81069 81099 81086 81028
 81041 81095 81046 81045 81069 81090 81059 81098 81064 81089
 81038 81060 81018 81071 81013 81075 81033 81013 81052 81047
 81096 81064 81011 81005 81052 81023 81003 81029 81071 81093


Array Size = 50
 82036 82048 82002 82016 82023 82037 82056 82067 82077 82046
 82037 82039 82065 82032 82026 82081 82025 82092 82004 82066
 82079 82069 82050 82070 82039 82081 82057 82077 82032 82073
 82043 82046 82011 82039 82065 82023 82011 82017 82027 82014
 82008 82034 82019 82041 82004 82083 82039 82074 82018 82053


Array Size = 50
 83011 83047 83040 83087 83032 83062 83035 83014 83059 83081
 83031 83017 83038 83003 83089 83026 83024 83010 83039 83023
 83016 83080 83078 83064 83048 83004 83086 83060 83060 83066
 83093 83084 83078 83077 83000 83045 83073 83005 83012 83008
 83047 83074 83045 83000 83011 83013 83056 83022 83053 83031


Array Size = 50
 84088 84066 84075 84045 84029 84070 84085 84058 84066 84028
 84086 84042 84067 84027 84052 84071 84010 84063 84041 84025
 84031 84075 84005 84036 84027 84002 84053 84083 84052 84072
 84048 84041 84065 84060 84048 84050 84042 84038 84064 84082
 84045 84013 84047 84031 84026 84088 84099 84068 84001 84081


Array Size = 50
 85004 85071 85006 85028 85024 85046 85050 85049 85009 85091
 85044 85089 85090 85078 85080 85046 85057 85081 85094 85026
 85056 85043 85059 85089 85001 85029 85086 85096 85016 85054
 85045 85084 85097 85050 85002 85092 85040 85047 85043 85032
 85046 85088 85011 85001 85067 85043 85079 85063 85062 85058


Array Size = 50
 86039 86044 86021 86078 86085 86087 86022 86020 86086 86013
 86089 86019 86041 86029 86082 86016 86029 86085 86061 86038
 86014 86075 86042 86099 86083 86071 86031 86049 86052 86092
 86046 86082 86001 86047 86016 86044 86013 86045 86076 86063
 86037 86012 86077 86007 86052 86099 86030 86042 86008 86039


Array Size = 50
 87021 87089 87086 87027 87056 87075 87057 87058 87039 87020
 87067 87084 87040 87008 87083 87093 87094 87011 87074 87068
 87078 87020 87094 87072 87033 87005 87014 87049 87084 87049
 87008 87022 87039 87065 87072 87031 87032 87035 87006 87060
 87038 87073 87004 87001 87044 87050 87058 87000 87003 87097


Array Size = 50
 88049 88012 88057 88040 88004 88032 88005 88011 88085 88089
 88027 88095 88036 88033 88090 88033 88058 88099 88070 88079
 88070 88099 88045 88012 88037 88048 88042 88077 88004 88089
 88087 88006 88016 88016 88089 88059 88026 88021 88004 88062
 88044 88032 88041 88041 88096 88001 88068 88030 88033 88063


Array Size = 50
 89037 89007 89082 89038 89062 89058 89074 89086 89024 89049
 89081 89033 89097 89020 89040 89093 89027 89096 89067 89083
 89001 89030 89024 89032 89083 89002 89011 89085 89034 89002
 89030 89005 89042 89007 89094 89049 89038 89032 89054 89076
 89007 89048 89039 89003 89021 89090 89013 89079 89078 89084


Array Size = 50
 90094 90038 90005 90099 90088 90011 90007 90062 90064 90097
 90004 90037 90020 90065 90028 90030 90083 90023 90083 90097
 90038 90059 90000 90024 90072 90034 90007 90025 90063 90071
 90069 90094 90038 90094 90003 90064 90026 90034 90079 90084
 90005 90007 90052 90067 90056 90062 90018 90025 90031 90062


Array Size = 50
 91078 91021 91061 91013 91069 91086 91025 91049 91055 91092
 91036 91066 91068 91073 91054 91031 91061 91052 91035 91064
 91074 91025 91061 91033 91078 91049 91024 91066 91076 91053
 91079 91029 91018 91024 91078 91080 91033 91005 91036 91047
 91002 91074 91025 91066 91084 91051 91092 91094 91097 91096


Array Size = 50
 92016 92029 92093 92067 92058 92086 92054 92047 92071 92062
 92033 92043 92003 92049 92015 92090 92097 92029 92023 92004
 92020 92071 92077 92095 92079 92065 92012 92005 92084 92093
 92092 92012 92059 92046 92048 92032 92097 92013 92069 92022
 92077 92015 92031 92026 92080 92023 92026 92025 92062 92051


Array Size = 50
 93094 93042 93055 93095 93093 93055 93063 93050 93075 93069
 93008 93073 93089 93099 93074 93033 93028 93022 93055 93011
 93031 93059 93029 93021 93060 93071 93004 93036 93083 93063
 93037 93051 93096 93010 93093 93051 93060 93042 93068 93066
 93010 93082 93064 93068 93098 93021 93047 93062 93062 93068


Array Size = 50
 94048 94060 94021 94054 94001 94052 94073 94071 94076 94026
 94062 94034 94069 94033 94047 94086 94061 94023 94086 94044
 94073 94072 94058 94068 94039 94067 94008 94075 94024 94052
 94029 94080 94043 94019 94068 94043 94061 94052 94040 94081
 94061 94094 94045 94058 94061 94059 94093 94003 94021 94056


Array Size = 50
 95080 95082 95008 95055 95020 95008 95043 95034 95086 95009
 95030 95088 95091 95041 95061 95080 95098 95091 95019 95079
 95084 95048 95046 95093 95073 95003 95092 95033 95086 95097
 95091 95063 95005 95082 95063 95084 95005 95062 95026 95006
 95031 95094 95063 95048 95045 95005 95055 95017 95041 95029


Array Size = 50
 96000 96021 96062 96053 96001 96082 96020 96029 96017 96076
 96062 96040 96076 96035 96000 96030 96089 96076 96095 96014
 96077 96031 96058 96076 96073 96085 96000 96027 96013 96049
 96002 96074 96012 96019 96089 96073 96005 96084 96051 96035
 96032 96016 96075 96015 96060 96055 96032 96056 96048 96070


Array Size = 50
 97028 97024 97066 97060 97056 97007 97077 97009 97002 97018
 97042 97047 97058 97044 97059 97075 97088 97048 97043 97084
 97076 97031 97080 97069 97006 97040 97041 97095 97086 97056
 97088 97049 97079 97011 97018 97026 97079 97052 97026 97000
 97097 97045 97076 97005 97046 97073 97050 97010 97091 97052


Array Size = 50
 98092 98023 98095 98067 98083 98017 98066 98097 98087 98031
 98055 98015 98080 98058 98018 98018 98066 98006 98046 98085
 98001 98028 98070 98000 98048 98044 98084 98074 98050 98075
 98006 98049 98088 98035 98062 98012 98052 98077 98080 98060
 98043 98014 98042 98011 98098 98023 98092 98035 98057 98070


Array Size = 50
 99016 99058 99086 99048 99045 99001 99048 99003 99090 99004
 99012 99032 99055 99027 99090 99098 99041 99052 99027 99098
 99087 99020 99002 99039 99036 99085 99016 99006 99033 99072
 99094 99017 99078 99041 99022 99019 99071 99045 99085 99061
 99009 99098 99025 99015 99019 99021 99059 99009 99065 99005

