
Array Size = 51
    55    55    77    64    97    86    21    76    65    60
    51     3    65    18    14    69    32    99    18    66
    30    34    38    39    83    13    56    80    33    15
    95    15    93     3    57    78     1    98    92    95
    47    95    70    91    68     4    17    77    66    72
    75

Array Size = 29
  1004  1009  1010  1012  1017  1018  1020  1020  1023  1024
  1028  1036  1039  1039  1042  1043  1044  1047  1048  1056
  1065  1074  1085  1085  1090  1094  1095  1099  1099

Array Size = 91
  2039  2029  2006  2085  2068  2027  2094  2098  2093  2061
  2004  2078  2098  2013  2060  2067  2038  2037  2066  2018
  2017  2076  2023  2060  2056  2050  2061  2086  2028  2009
  2045  2079  2034  2019  2067  2037  2080  2090  2015  2012
  2066  2017  2031  2097  2053  2085  2071  2032  2038  2085
  2027  2063  2032  2076  2009  2083  2010  2095  2096  2006
  2013  2040  2002  2037  2027  2029  2014  2073  2058  2027
  2024  2076  2027  2048  2043  2052  2095  2067  2010  2045
  2033  2028  2035  2039  2082  2075  2045  2085  2096  2057
  2093

Array Size = 13
  3008  3014  3032  3038  3044  3047  3059  3062  3065  3067
  3068  3086  3093

Array Size = 75
  4021  4093  4009  4094  4033  4015  4072  4008  4064  4029
  4089  4012  4001  4032  4024  4008  4067  4073  4010  4049
  4039  4078  4044  4044  4070  4067  4080  4011  4061  4097
  4075  4003  4084  4063  4073  4000  4041  4066  4071  4047
  4049  4008  4082  4071  4039  4042  4062  4071  4072  4036
  4055  4002  4071  4018  4006  4051  4057  4090  4024  4066
  4056  4042  4040  4041  4026  4010  4017  4011  4075  4085
  4002  4039  4004  4067  4068

Array Size = 93
  5000  5003  5004  5004  5006  5006  5007  5011  5011  5012
  5012  5016  5020  5021  5024  5027  5029  5029  5029  5031
  5031  5035  5035  5036  5036  5037  5037  5038  5038  5039
  5039  5040  5040  5040  5041  5046  5047  5047  5047  5047
  5048  5050  5050  5050  5052  5053  5054  5054  5055  5055
  5057  5059  5060  5062  5063  5063  5064  5066  5067  5067
  5068  5068  5069  5070  5071  5071  5071  5074  5075  5076
  5077  5077  5079  5082  5085  5085  5085  5087  5089  5091
  5091  5091  5092  5092  5092  5093  5096  5096  5097  5097
  5098  5098  5099

Array Size = 40
  6030  6010  6044  6048  6045  6072  6027  6085  6053  6030
  6093  6062  6027  6084  6043  6034  6040  6053  6055  6041
  6040  6090  6048  6006  6018  6032  6031  6005  6094  6064
  6075  6004  6001  6074  6044  6034  6081  6057  6040  6077


Array Size = 68
  7000  7000  7004  7005  7007  7007  7008  7009  7009  7010
  7014  7015  7015  7016  7016  7017  7018  7020  7022  7022
  7023  7024  7027  7028  7030  7031  7032  7033  7035  7038
  7038  7039  7042  7044  7047  7047  7047  7049  7050  7051
  7053  7053  7054  7054  7057  7058  7060  7062  7063  7065
  7066  7067  7069  7070  7076  7077  7078  7084  7084  7085
  7086  7088  7090  7092  7094  7096  7097  7099

Array Size = 68
  8034  8046  8064  8055  8003  8094  8080  8010  8037  8031
  8043  8020  8014  8018  8051  8058  8086  8021  8073  8037
  8013  8072  8050  8064  8083  8029  8042  8012  8013  8042
  8009  8031  8007  8065  8057  8021  8087  8029  8008  8000
  8093  8061  8063  8061  8081  8088  8070  8087  8015  8041
  8029  8025  8051  8058  8045  8033  8088  8098  8077  8099
  8022  8099  8037  8049  8021  8070  8086  8094

Array Size = 74
  9000  9002  9002  9003  9008  9008  9010  9011  9013  9015
  9015  9018  9019  9028  9033  9033  9035  9036  9038  9039
  9039  9042  9043  9044  9044  9044  9046  9047  9049  9051
  9052  9053  9054  9054  9054  9057  9060  9060  9061  9063
  9063  9065  9065  9066  9066  9066  9067  9070  9071  9072
  9072  9074  9075  9077  9078  9080  9082  9083  9083  9083
  9083  9084  9084  9084  9085  9085  9086  9086  9089  9089
  9089  9090  9090  9097

Array Size = 80
 10039 10092 10049 10017 10055 10065 10061 10013 10025 10086
 10037 10019 10085 10029 10058 10072 10003 10079 10041 10030
 10043 10062 10095 10045 10072 10052 10068 10031 10055 10055
 10019 10099 10000 10088 10096 10006 10050 10072 10009 10079
 10091 10077 10072 10092 10085 10078 10090 10035 10016 10065
 10043 10025 10008 10071 10009 10035 10092 10068 10063 10084
 10004 10049 10046 10067 10098 10091 10011 10068 10074 10056
 10017 10013 10036 10014 10032 10056 10024 10019 10073 10086


Array Size = 69
 11001 11001 11003 11005 11006 11007 11009 11009 11010 11010
 11012 11014 11015 11015 11020 11021 11022 11022 11023 11024
 11026 11028 11028 11028 11030 11031 11032 11035 11036 11039
 11039 11043 11044 11045 11048 11051 11051 11052 11057 11059
 11060 11062 11062 11063 11063 11064 11065 11065 11067 11069
 11073 11073 11073 11076 11076 11080 11081 11082 11084 11085
 11089 11092 11092 11093 11093 11093 11096 11097 11098

Array Size = 90
 12081 12029 12022 12056 12037 12040 12062 12097 12084 12060
 12055 12017 12017 12030 12094 12076 12034 12055 12031 12062
 12097 12070 12002 12025 12057 12098 12067 12055 12009 12000
 12058 12045 12038 12033 12027 12057 12075 12082 12006 12002
 12045 12010 12028 12045 12096 12091 12084 12087 12077 12071
 12041 12011 12085 12091 12005 12096 12004 12007 12078 12043
 12030 12015 12081 12016 12094 12065 12004 12080 12049 12010
 12063 12034 12013 12084 12042 12065 12032 12014 12002 12019
 12083 12095 12030 12028 12099 12024 12055 12015 12094 12025


Array Size = 43
 13004 13005 13006 13008 13010 13013 13013 13015 13023 13024
 13024 13025 13026 13026 13028 13030 13030 13033 13033 13035
 13046 13048 13048 13048 13049 13049 13061 13069 13075 13076
 13078 13078 13081 13082 13088 13089 13089 13092 13094 13094
 13095 13096 13098

Array Size = 68
 14096 14010 14052 14017 14058 14087 14008 14032 14013 14093
 14045 14019 14079 14022 14000 14080 14069 14045 14043 14049
 14004 14003 14050 14030 14062 14087 14090 14036 14059 14094
 14052 14019 14074 14019 14018 14066 14075 14029 14050 14094
 14038 14001 14058 14038 14026 14050 14015 14080 14030 14019
 14061 14062 14050 14013 14056 14052 14041 14098 14071 14077
 14033 14066 14006 14070 14079 14010 14022 14078

Array Size = 64
 15002 15005 15005 15006 15008 15011 15012 15017 15018 15019
 15019 15021 15021 15023 15023 15023 15023 15023 15024 15026
 15028 15030 15032 15032 15035 15036 15039 15040 15040 15042
 15046 15047 15047 15048 15050 15051 15052 15060 15062 15064
 15064 15066 15069 15072 15073 15073 15075 15077 15080 15081
 15082 15084 15086 15088 15088 15090 15091 15091 15093 15093
 15094 15097 15098 15099

Array Size = 93
 16052 16069 16086 16083 16017 16042 16044 16016 16023 16083
 16029 16030 16057 16076 16027 16061 16076 16041 16076 16024
 16065 16034 16066 16083 16057 16044 16091 16028 16048 16003
 16031 16064 16049 16021 16027 16046 16071 16090 16073 16050
 16022 16011 16092 16012 16048 16015 16011 16038 16008 16003
 16031 16082 16021 16043 16002 16074 16063 16004 16032 16011
 16022 16048 16004 16067 16031 16048 16044 16036 16064 16044
 16018 16028 16036 16033 16087 16069 16002 16017 16056 16001
 16084 16036 16027 16068 16071 16019 16092 16004 16083 16087
 16052 16045 16099

Array Size = 15
 17007 17009 17012 17014 17027 17048 17049 17051 17052 17063
 17075 17089 17090 17097 17097

Array Size = 42
 18031 18033 18093 18097 18069 18014 18070 18034 18012 18011
 18089 18048 18007 18038 18041 18080 18037 18024 18071 18017
 18048 18009 18012 18033 18084 18083 18093 18090 18028 18046
 18073 18068 18047 18088 18067 18041 18063 18023 18057 18093
 18012 18066

Array Size = 38
 19000 19001 19002 19005 19010 19011 19014 19018 19020 19024
 19024 19028 19036 19039 19044 19045 19050 19050 19051 19052
 19052 19058 19060 19065 19067 19072 19074 19083 19083 19084
 19085 19088 19090 19092 19095 19096 19097 19099

Array Size = 96
 20051 20003 20037 20034 20025 20060 20090 20000 20076 20041
 20064 20076 20051 20010 20020 20030 20037 20012 20032 20085
 20049 20000 20071 20024 20007 20053 20077 20096 20070 20063
 20030 20035 20054 20020 20068 20002 20044 20062 20007 20037
 20000 20080 20081 20016 20044 20072 20034 20022 20085 20024
 20061 20015 20002 20058 20001 20048 20027 20061 20099 20093
 20030 20018 20073 20061 20032 20091 20093 20002 20011 20067
 20018 20051 20077 20006 20059 20066 20095 20020 20063 20080
 20008 20085 20040 20080 20090 20001 20008 20062 20034 20003
 20063 20052 20096 20005 20047 20052

Array Size = 43
 21003 21005 21006 21012 21014 21015 21018 21022 21023 21025
 21027 21028 21032 21032 21033 21034 21034 21036 21037 21039
 21039 21040 21044 21046 21049 21052 21056 21059 21061 21066
 21068 21080 21080 21081 21082 21084 21085 21086 21089 21092
 21094 21094 21099

Array Size = 24
 22008 22038 22085 22048 22027 22088 22070 22025 22029 22044
 22013 22024 22027 22001 22032 22040 22065 22089 22093 22087
 22062 22046 22014 22010

Array Size = 45
 23000 23000 23004 23005 23008 23008 23010 23013 23013 23022
 23023 23024 23026 23026 23029 23029 23031 23032 23035 23037
 23039 23041 23042 23045 23047 23051 23052 23052 23054 23055
 23055 23056 23056 23064 23064 23066 23066 23075 23079 23080
 23081 23084 23097 23099 23099

Array Size = 47
 24011 24030 24048 24079 24052 24047 24077 24091 24098 24035
 24096 24046 24036 24010 24097 24094 24031 24017 24070 24050
 24005 24054 24065 24010 24034 24085 24083 24019 24020 24099
 24022 24029 24086 24018 24050 24097 24049 24035 24041 24098
 24033 24055 24054 24020 24096 24086 24065

Array Size = 68
 25000 25001 25002 25002 25004 25007 25010 25011 25013 25014
 25014 25014 25015 25017 25017 25019 25019 25019 25020 25021
 25021 25023 25024 25024 25026 25027 25027 25032 25032 25034
 25035 25037 25042 25046 25048 25051 25052 25056 25059 25060
 25061 25062 25063 25066 25066 25070 25072 25075 25075 25076
 25079 25079 25081 25085 25086 25087 25088 25089 25092 25093
 25093 25094 25095 25096 25097 25098 25098 25098

Array Size = 56
 26084 26019 26066 26077 26063 26079 26014 26080 26036 26052
 26075 26028 26099 26094 26013 26025 26090 26032 26068 26074
 26017 26007 26083 26016 26058 26054 26015 26079 26034 26061
 26079 26031 26046 26037 26076 26080 26083 26021 26018 26071
 26047 26089 26037 26087 26017 26028 26050 26074 26062 26059
 26099 26089 26055 26013 26027 26090

Array Size = 58
 27000 27003 27015 27016 27020 27023 27023 27024 27026 27026
 27027 27029 27030 27031 27032 27034 27035 27038 27039 27042
 27044 27044 27049 27050 27051 27052 27053 27054 27056 27057
 27058 27059 27061 27062 27063 27068 27068 27072 27072 27076
 27077 27078 27079 27081 27082 27085 27092 27095 27096 27097
 27098 27098 27098 27098 27099 27099 27099 27099

Array Size = 38
 28003 28030 28097 28024 28038 28025 28027 28019 28028 28003
 28035 28096 28094 28067 28014 28059 28088 28059 28009 28016
 28077 28029 28055 28078 28047 28040 28031 28008 28057 28078
 28093 28088 28053 28086 28069 28001 28081 28056

Array Size = 47
 29002 29006 29009 29016 29017 29021 29024 29025 29026 29031
 29032 29038 29039 29040 29040 29041 29043 29044 29047 29047
 29051 29052 29053 29053 29054 29057 29058 29058 29060 29060
 29065 29067 29068 29069 29070 29070 29072 29075 29076 29077
 29084 29088 29089 29091 29094 29096 29097

Array Size = 27
 30046 30025 30098 30004 30051 30004 30062 30050 30066 30059
 30034 30079 30044 30075 30079 30030 30090 30005 30096 30015
 30000 30076 30048 30010 30046 30044 30096

Array Size = 55
 31000 31001 31004 31010 31011 31011 31016 31018 31023 31025
 31026 31027 31028 31029 31030 31031 31034 31034 31034 31034
 31037 31038 31038 31042 31043 31044 31047 31047 31048 31054
 31055 31056 31057 31058 31059 31062 31062 31063 31063 31066
 31067 31068 31070 31072 31074 31080 31081 31084 31084 31087
 31088 31089 31093 31095 31095

Array Size = 56
 32098 32096 32038 32004 32094 32004 32037 32038 32099 32025
 32078 32054 32021 32060 32064 32099 32082 32074 32078 32023
 32019 32006 32036 32078 32056 32022 32008 32078 32084 32096
 32094 32099 32024 32066 32019 32073 32009 32012 32086 32075
 32000 32000 32038 32055 32024 32072 32020 32069 32043 32017
 32065 32060 32093 32051 32024 32099

Array Size = 85
 33002 33004 33009 33011 33013 33014 33015 33018 33019 33019
 33019 33019 33020 33020 33021 33021 33022 33022 33025 33027
 33028 33028 33032 33034 33035 33036 33036 33036 33039 33039
 33040 33041 33045 33045 33046 33046 33048 33049 33049 33049
 33050 33051 33052 33055 33055 33057 33061 33063 33063 33064
 33064 33066 33066 33067 33068 33068 33068 33069 33074 33074
 33075 33075 33076 33077 33077 33080 33080 33083 33084 33084
 33084 33085 33085 33086 33088 33089 33091 33093 33094 33094
 33095 33095 33097 33098 33099

Array Size = 34
 34079 34064 34014 34065 34037 34067 34080 34058 34010 34080
 34083 34044 34053 34073 34003 34002 34057 34000 34080 34082
 34021 34036 34026 34076 34073 34049 34076 34077 34008 34084
 34042 34083 34034 34059

Array Size = 33
 35009 35011 35012 35014 35020 35023 35026 35027 35027 35030
 35034 35034 35034 35034 35041 35045 35047 35049 35054 35055
 35057 35058 35059 35074 35074 35080 35080 35082 35085 35090
 35090 35091 35095

Array Size = 86
 36092 36079 36022 36021 36081 36075 36027 36080 36061 36024
 36023 36055 36058 36064 36042 36005 36096 36011 36013 36015
 36089 36047 36086 36098 36038 36092 36049 36028 36017 36024
 36087 36021 36079 36021 36035 36061 36078 36040 36022 36037
 36017 36060 36045 36067 36010 36029 36049 36088 36045 36030
 36094 36098 36040 36097 36080 36059 36083 36084 36023 36076
 36033 36089 36094 36006 36000 36058 36063 36060 36068 36050
 36082 36092 36053 36078 36025 36014 36089 36037 36052 36018
 36018 36018 36012 36012 36037 36016

Array Size = 29
 37000 37000 37003 37007 37008 37010 37011 37012 37017 37029
 37036 37038 37040 37044 37045 37047 37049 37057 37064 37070
 37071 37071 37073 37074 37078 37080 37084 37096 37096

Array Size = 96
 38008 38043 38099 38091 38068 38088 38061 38022 38016 38078
 38056 38041 38001 38090 38007 38091 38040 38096 38024 38017
 38006 38074 38068 38089 38070 38050 38047 38056 38066 38082
 38032 38025 38002 38062 38002 38064 38029 38075 38084 38067
 38083 38078 38070 38055 38081 38019 38092 38011 38024 38023
 38092 38079 38059 38065 38008 38054 38010 38097 38047 38056
 38092 38067 38094 38084 38029 38071 38009 38039 38073 38023
 38018 38012 38075 38048 38041 38069 38052 38041 38047 38018
 38004 38015 38018 38036 38007 38056 38076 38049 38076 38072
 38076 38013 38001 38067 38021 38073

Array Size = 12
 39002 39027 39032 39041 39044 39062 39074 39081 39081 39082
 39098 39099

Array Size = 45
 40028 40091 40040 40019 40089 40046 40001 40096 40076 40080
 40053 40024 40085 40017 40048 40008 40070 40086 40010 40020
 40071 40010 40054 40040 40001 40052 40027 40088 40026 40002
 40000 40098 40046 40045 40039 40090 40081 40019 40070 40088
 40030 40081 40000 40040 40088

Array Size = 31
 41001 41002 41002 41005 41007 41011 41012 41020 41029 41037
 41040 41040 41047 41048 41049 41057 41058 41058 41065 41070
 41072 41072 41079 41079 41080 41080 41081 41081 41084 41094
 41098

Array Size = 27
 42068 42073 42095 42022 42081 42098 42089 42044 42078 42044
 42017 42018 42026 42039 42001 42081 42088 42056 42060 42073
 42098 42030 42025 42009 42002 42054 42036

Array Size = 52
 43001 43002 43003 43003 43005 43005 43008 43008 43009 43010
 43010 43010 43011 43015 43016 43028 43029 43030 43031 43033
 43033 43035 43039 43040 43041 43042 43042 43052 43053 43054
 43056 43056 43057 43058 43061 43063 43065 43066 43067 43067
 43068 43069 43071 43073 43085 43088 43088 43091 43095 43095
 43096 43098

Array Size = 70
 44076 44073 44050 44052 44025 44067 44094 44040 44071 44049
 44036 44015 44097 44083 44053 44044 44030 44023 44030 44056
 44019 44062 44074 44011 44088 44080 44090 44062 44043 44089
 44061 44028 44005 44097 44064 44024 44095 44010 44098 44023
 44062 44026 44025 44001 44073 44081 44048 44000 44082 44040
 44053 44009 44076 44075 44005 44020 44018 44079 44000 44056
 44097 44013 44015 44008 44051 44027 44011 44049 44098 44078


Array Size = 58
 45001 45001 45002 45005 45008 45011 45012 45012 45013 45015
 45015 45017 45019 45021 45022 45022 45025 45027 45028 45029
 45031 45034 45036 45037 45038 45038 45039 45040 45044 45045
 45045 45046 45048 45051 45052 45052 45056 45064 45064 45066
 45067 45068 45069 45072 45075 45075 45075 45078 45080 45082
 45084 45085 45089 45090 45092 45093 45094 45094

Array Size = 13
 46004 46037 46003 46066 46047 46085 46019 46006 46076 46050
 46057 46099 46056

Array Size = 47
 47001 47001 47007 47007 47008 47009 47010 47021 47022 47027
 47028 47029 47030 47040 47040 47042 47046 47046 47049 47051
 47053 47054 47055 47057 47058 47063 47067 47067 47068 47075
 47075 47075 47076 47081 47081 47083 47083 47083 47085 47086
 47087 47089 47089 47094 47094 47096 47096

Array Size = 19
 48043 48025 48098 48081 48060 48041 48093 48040 48085 48070
 48000 48073 48051 48088 48002 48052 48008 48013 48035

Array Size = 70
 49000 49001 49002 49002 49003 49004 49005 49006 49008 49012
 49012 49013 49013 49015 49017 49018 49018 49020 49021 49026
 49026 49027 49028 49028 49028 49031 49033 49033 49034 49034
 49037 49037 49037 49037 49041 49042 49043 49046 49048 49052
 49056 49058 49059 49060 49060 49060 49061 49061 49065 49065
 49065 49066 49066 49068 49068 49069 49074 49075 49078 49079
 49079 49080 49081 49086 49086 49088 49091 49093 49094 49099


Array Size = 77
 50067 50020 50059 50098 50001 50045 50096 50044 50055 50028
 50051 50079 50036 50035 50003 50002 50095 50041 50094 50076
 50020 50034 50060 50031 50084 50020 50029 50069 50087 50036
 50075 50020 50066 50020 50006 50043 50024 50058 50016 50017
 50039 50046 50073 50057 50053 50061 50089 50036 50031 50070
 50053 50024 50012 50093 50056 50089 50094 50000 50002 50096
 50032 50066 50051 50014 50002 50084 50089 50019 50047 50062
 50074 50070 50050 50092 50074 50059 50058

Array Size = 19
 51007 51011 51012 51015 51021 51021 51023 51036 51037 51041
 51047 51053 51056 51067 51072 51079 51081 51082 51083

Array Size = 14
 52007 52033 52001 52027 52025 52086 52003 52059 52011 52027
 52053 52007 52003 52000

Array Size = 27
 53004 53008 53014 53019 53022 53024 53033 53037 53040 53042
 53044 53046 53048 53050 53051 53061 53062 53062 53065 53066
 53067 53068 53071 53076 53081 53081 53088

Array Size = 18
 54024 54043 54001 54096 54064 54064 54077 54030 54042 54090
 54030 54004 54001 54060 54099 54098 54039 54080

Array Size = 48
 55000 55002 55003 55010 55011 55017 55017 55018 55019 55019
 55022 55028 55029 55029 55030 55036 55037 55038 55039 55040
 55043 55045 55046 55049 55049 55052 55055 55056 55056 55057
 55061 55064 55068 55069 55076 55076 55076 55077 55080 55083
 55084 55086 55087 55090 55090 55097 55098 55099

Array Size = 21
 56030 56063 56026 56042 56040 56026 56039 56037 56018 56021
 56012 56003 56064 56001 56010 56080 56071 56022 56057 56080
 56068

Array Size = 10
 57011 57017 57033 57051 57078 57078 57082 57092 57093 57097


Array Size = 29
 58087 58007 58073 58055 58094 58002 58030 58055 58078 58007
 58079 58059 58066 58034 58067 58014 58071 58024 58069 58087
 58066 58078 58025 58074 58022 58044 58001 58088 58054

Array Size = 33
 59018 59020 59023 59024 59025 59026 59030 59031 59037 59038
 59039 59044 59047 59049 59052 59052 59053 59055 59065 59066
 59071 59072 59075 59077 59083 59084 59088 59088 59091 59096
 59097 59098 59098

Array Size = 61
 60048 60018 60065 60025 60054 60001 60032 60043 60029 60021
 60040 60089 60085 60018 60060 60061 60025 60047 60080 60033
 60052 60073 60029 60095 60087 60012 60034 60053 60026 60005
 60098 60090 60038 60016 60062 60094 60054 60036 60069 60061
 60016 60084 60073 60028 60068 60002 60096 60052 60020 60096
 60051 60083 60052 60017 60016 60088 60012 60090 60003 60004
 60075

Array Size = 40
 61004 61007 61007 61011 61014 61016 61018 61024 61032 61033
 61034 61035 61036 61039 61041 61043 61047 61047 61049 61051
 61051 61055 61056 61056 61058 61059 61061 61063 61065 61073
 61076 61077 61082 61082 61085 61089 61089 61091 61092 61099


Array Size = 56
 62027 62077 62009 62090 62018 62015 62004 62063 62049 62098
 62057 62060 62089 62064 62029 62075 62087 62075 62057 62003
 62065 62008 62081 62043 62078 62023 62011 62063 62045 62083
 62091 62076 62057 62070 62037 62079 62045 62054 62096 62052
 62050 62075 62091 62003 62060 62064 62077 62050 62006 62067
 62047 62081 62049 62079 62073 62059

Array Size = 31
 63008 63011 63012 63013 63013 63017 63026 63028 63029 63029
 63030 63039 63040 63051 63053 63057 63059 63069 63071 63072
 63073 63074 63075 63078 63082 63083 63091 63092 63097 63097
 63099

Array Size = 94
 64046 64026 64044 64075 64007 64047 64050 64007 64028 64070
 64089 64084 64039 64037 64005 64096 64086 64079 64087 64094
 64032 64032 64045 64080 64068 64004 64088 64003 64005 64002
 64096 64017 64076 64085 64009 64037 64046 64087 64072 64046
 64067 64010 64016 64015 64086 64051 64049 64052 64097 64093
 64030 64099 64027 64083 64050 64092 64026 64006 64079 64094
 64021 64008 64063 64047 64074 64017 64055 64098 64001 64022
 64064 64090 64066 64017 64044 64000 64028 64084 64032 64098
 64004 64002 64070 64045 64066 64084 64054 64008 64015 64019
 64070 64003 64015 64092

Array Size = 99
 65000 65000 65001 65002 65003 65003 65005 65006 65007 65007
 65007 65008 65008 65009 65011 65012 65012 65012 65013 65014
 65015 65016 65016 65017 65018 65018 65020 65020 65020 65021
 65022 65026 65027 65027 65028 65028 65029 65029 65029 65029
 65029 65030 65031 65035 65037 65038 65038 65039 65043 65043
 65044 65045 65047 65047 65048 65049 65053 65053 65055 65055
 65057 65058 65062 65062 65063 65063 65063 65063 65066 65066
 65067 65068 65069 65071 65073 65074 65074 65075 65076 65076
 65077 65078 65079 65080 65081 65082 65083 65084 65085 65088
 65088 65089 65089 65090 65092 65093 65096 65097 65097

Array Size = 68
 66096 66090 66042 66048 66079 66069 66012 66025 66077 66021
 66017 66034 66028 66010 66064 66096 66002 66059 66088 66092
 66016 66059 66004 66010 66001 66096 66096 66085 66098 66086
 66047 66043 66055 66066 66062 66005 66062 66045 66040 66004
 66049 66092 66049 66079 66099 66061 66096 66062 66077 66008
 66003 66037 66017 66077 66060 66062 66021 66021 66096 66071
 66073 66038 66055 66089 66013 66024 66061 66022

Array Size = 11
 67005 67009 67011 67029 67047 67061 67065 67069 67069 67074
 67087

Array Size = 95
 68095 68028 68063 68091 68061 68017 68045 68077 68007 68019
 68024 68055 68044 68098 68072 68029 68076 68069 68035 68094
 68000 68048 68011 68077 68060 68048 68080 68030 68034 68026
 68080 68075 68055 68024 68028 68079 68006 68068 68067 68049
 68052 68021 68030 68037 68007 68036 68015 68001 68061 68024
 68004 68091 68083 68027 68030 68048 68064 68010 68005 68013
 68048 68085 68094 68091 68094 68013 68096 68009 68001 68058
 68084 68086 68016 68078 68050 68007 68076 68052 68046 68037
 68029 68090 68080 68066 68090 68060 68040 68067 68083 68092
 68057 68002 68002 68051 68082

Array Size = 61
 69001 69002 69004 69004 69005 69008 69010 69012 69012 69013
 69014 69014 69015 69019 69020 69020 69022 69027 69030 69033
 69034 69035 69037 69039 69041 69041 69043 69044 69044 69045
 69045 69048 69053 69054 69055 69055 69056 69056 69059 69061
 69061 69066 69066 69070 69072 69074 69075 69077 69078 69081
 69084 69087 69089 69089 69090 69092 69093 69097 69098 69098
 69099

Array Size = 58
 70096 70061 70047 70061 70023 70078 70062 70092 70079 70073
 70030 70048 70013 70073 70017 70056 70005 70085 70077 70091
 70084 70079 70097 70080 70001 70045 70027 70067 70085 70010
 70086 70021 70065 70029 70012 70011 70005 70086 70023 70088
 70051 70084 70040 70081 70061 70040 70057 70066 70056 70045
 70041 70028 70031 70079 70022 70077 70005 70055

Array Size = 61
 71001 71004 71006 71007 71009 71010 71010 71015 71017 71019
 71019 71021 71022 71023 71023 71027 71028 71030 71030 71031
 71031 71034 71036 71036 71036 71036 71038 71044 71044 71045
 71046 71048 71052 71054 71055 71057 71058 71059 71060 71060
 71061 71065 71066 71067 71068 71071 71071 71074 71078 71079
 71079 71079 71084 71084 71088 71089 71091 71096 71097 71098
 71098

Array Size = 35
 72050 72019 72034 72007 72060 72048 72089 72088 72024 72038
 72036 72074 72028 72086 72085 72065 72096 72013 72046 72030
 72061 72077 72064 72008 72056 72070 72093 72038 72052 72031
 72044 72085 72051 72074 72028

Array Size = 42
 73000 73002 73007 73012 73019 73019 73020 73021 73022 73022
 73022 73029 73031 73034 73034 73035 73035 73036 73038 73042
 73042 73044 73044 73045 73046 73048 73049 73049 73050 73050
 73054 73055 73058 73059 73060 73063 73066 73077 73085 73085
 73086 73089

Array Size = 83
 74032 74095 74077 74067 74020 74079 74017 74083 74071 74078
 74061 74035 74095 74085 74090 74020 74005 74072 74080 74065
 74035 74039 74015 74073 74092 74079 74057 74001 74053 74079
 74000 74065 74039 74061 74097 74020 74042 74039 74054 74007
 74010 74054 74066 74009 74065 74012 74023 74007 74008 74043
 74060 74001 74020 74055 74079 74047 74019 74039 74087 74016
 74097 74019 74048 74066 74065 74066 74029 74089 74051 74055
 74055 74042 74027 74087 74033 74092 74028 74018 74035 74000
 74077 74020 74002

Array Size = 32
 75000 75001 75001 75003 75003 75004 75004 75007 75017 75019
 75021 75031 75031 75032 75037 75040 75041 75044 75044 75047
 75056 75066 75071 75071 75074 75077 75080 75082 75083 75083
 75085 75088

Array Size = 43
 76072 76064 76005 76062 76081 76063 76054 76099 76020 76053
 76019 76036 76035 76065 76064 76008 76038 76001 76086 76098
 76099 76001 76061 76093 76047 76043 76099 76064 76074 76050
 76086 76077 76001 76023 76072 76009 76030 76044 76004 76001
 76000 76011 76083

Array Size = 21
 77011 77014 77026 77027 77034 77038 77042 77045 77056 77061
 77062 77063 77068 77077 77078 77080 77082 77082 77092 77095
 77097

Array Size = 98
 78092 78022 78030 78049 78040 78024 78016 78089 78054 78075
 78036 78005 78067 78067 78031 78072 78049 78094 78051 78039
 78024 78062 78039 78099 78051 78059 78000 78099 78042 78063
 78078 78094 78085 78046 78072 78075 78069 78065 78015 78051
 78093 78049 78013 78000 78008 78054 78036 78039 78082 78048
 78096 78091 78065 78034 78048 78057 78052 78032 78087 78050
 78003 78021 78096 78080 78057 78066 78045 78050 78059 78039
 78078 78035 78078 78011 78093 78089 78014 78085 78072 78093
 78072 78093 78063 78061 78069 78085 78015 78089 78007 78035
 78055 78032 78072 78056 78082 78078 78031 78023

Array Size = 96
 79001 79001 79001 79002 79002 79004 79004 79004 79006 79008
 79008 79009 79011 79012 79013 79014 79015 79016 79020 79022
 79024 79025 79025 79027 79027 79028 79028 79029 79031 79032
 79032 79033 79034 79035 79037 79037 79038 79039 79042 79044
 79044 79045 79045 79046 79046 79048 79048 79048 79049 79050
 79052 79052 79052 79054 79055 79056 79057 79057 79057 79058
 79058 79060 79060 79061 79064 79066 79070 79071 79072 79073
 79073 79074 79074 79077 79079 79080 79082 79085 79086 79087
 79088 79089 79090 79090 79091 79092 79092 79093 79094 79095
 79096 79096 79096 79097 79098 79098

Array Size = 94
 80082 80060 80064 80003 80035 80049 80009 80099 80077 80044
 80034 80036 80092 80015 80066 80052 80002 80094 80011 80032
 80018 80056 80063 80056 80022 80023 80026 80088 80059 80079
 80041 80005 80064 80048 80008 80033 80087 80054 80099 80007
 80073 80004 80017 80046 80081 80067 80081 80062 80008 80037
 80069 80005 80021 80037 80052 80040 80040 80069 80054 80025
 80077 80027 80012 80046 80002 80053 80085 80062 80016 80033
 80021 80001 80005 80014 80096 80099 80002 80056 80001 80008
 80026 80078 80008 80082 80060 80049 80075 80060 80086 80080
 80052 80025 80003 80020

Array Size = 83
 81000 81001 81007 81007 81008 81014 81016 81017 81021 81024
 81025 81026 81026 81028 81029 81029 81029 81030 81031 81032
 81033 81033 81033 81033 81039 81040 81041 81043 81048 81048
 81049 81049 81050 81051 81052 81052 81052 81053 81054 81054
 81056 81058 81059 81059 81060 81060 81062 81062 81064 81065
 81066 81067 81069 81070 81071 81073 81074 81074 81074 81075
 81076 81078 81079 81080 81082 81082 81083 81085 81085 81087
 81088 81088 81088 81088 81089 81089 81094 81094 81094 81095
 81097 81097 81098

Array Size = 74
 82098 82031 82043 82066 82090 82093 82070 82008 82002 82063
 82067 82010 82070 82066 82080 82057 82029 82082 82038 82026
 82084 82061 82043 82042 82010 82067 82052 82037 82029 82009
 82019 82073 82059 82087 82073 82054 82031 82062 82072 82002
 82037 82032 82097 82082 82071 82082 82027 82001 82069 82014
 82065 82009 82007 82028 82069 82041 82009 82012 82082 82044
 82038 82009 82001 82041 82019 82058 82064 82043 82084 82076
 82069 82058 82096 82063

Array Size = 44
 83003 83004 83007 83009 83009 83010 83011 83013 83017 83030
 83031 83033 83036 83048 83048 83050 83051 83052 83054 83060
 83061 83062 83065 83066 83067 83067 83068 83069 83070 83072
 83073 83073 83074 83074 83075 83076 83076 83077 83080 83086
 83087 83089 83099 83099

Array Size = 63
 84027 84019 84063 84073 84067 84098 84090 84003 84066 84040
 84068 84032 84086 84069 84004 84016 84016 84078 84018 84042
 84037 84085 84087 84003 84049 84034 84022 84089 84095 84080
 84085 84066 84050 84001 84005 84081 84049 84095 84040 84077
 84092 84043 84055 84031 84095 84007 84050 84098 84090 84073
 84011 84073 84007 84080 84057 84060 84053 84055 84066 84091
 84062 84039 84033

Array Size = 70
 85000 85000 85000 85003 85003 85006 85008 85009 85010 85016
 85016 85016 85017 85018 85020 85020 85024 85024 85025 85026
 85027 85028 85031 85031 85035 85036 85037 85037 85038 85039
 85039 85041 85042 85042 85044 85047 85051 85054 85055 85056
 85058 85058 85060 85060 85062 85062 85066 85066 85067 85069
 85071 85071 85073 85073 85076 85078 85082 85083 85083 85084
 85085 85085 85086 85086 85088 85093 85095 85097 85099 85099


Array Size = 33
 86052 86020 86029 86079 86025 86058 86046 86036 86059 86077
 86007 86079 86071 86050 86073 86094 86015 86025 86002 86029
 86049 86075 86086 86010 86038 86024 86031 86038 86074 86078
 86027 86089 86050

Array Size = 96
 87001 87001 87002 87003 87004 87004 87006 87006 87007 87010
 87012 87012 87013 87013 87015 87016 87016 87017 87018 87019
 87019 87022 87022 87023 87028 87028 87028 87030 87031 87031
 87033 87035 87035 87038 87038 87039 87042 87043 87044 87047
 87049 87051 87053 87053 87053 87054 87055 87055 87056 87057
 87057 87057 87057 87058 87059 87060 87060 87061 87062 87062
 87062 87063 87064 87067 87068 87069 87069 87070 87071 87071
 87072 87075 87075 87076 87077 87079 87080 87081 87083 87083
 87084 87086 87087 87087 87089 87089 87090 87091 87092 87093
 87094 87096 87096 87097 87098 87098

Array Size = 42
 88022 88077 88014 88073 88071 88016 88032 88043 88073 88015
 88053 88000 88028 88003 88075 88054 88013 88049 88007 88071
 88034 88060 88043 88087 88031 88021 88032 88036 88017 88074
 88028 88056 88058 88007 88008 88052 88084 88083 88033 88008
 88035 88034

Array Size = 26
 89004 89008 89012 89017 89018 89019 89026 89026 89026 89037
 89039 89043 89045 89046 89047 89048 89050 89055 89065 89068
 89069 89081 89082 89095 89097 89098

Array Size = 61
 90013 90036 90040 90001 90027 90045 90061 90064 90037 90094
 90097 90085 90088 90057 90022 90034 90036 90080 90043 90082
 90062 90013 90070 90083 90076 90088 90044 90068 90098 90085
 90070 90002 90057 90017 90088 90048 90002 90001 90005 90088
 90079 90062 90045 90011 90071 90053 90020 90000 90025 90022
 90078 90065 90037 90038 90035 90038 90095 90017 90029 90025
 90074

Array Size = 80
 91000 91000 91002 91002 91005 91005 91006 91006 91007 91007
 91009 91009 91011 91015 91015 91016 91016 91017 91018 91019
 91020 91027 91028 91032 91032 91033 91034 91035 91035 91036
 91036 91037 91037 91039 91040 91040 91041 91043 91047 91048
 91049 91050 91052 91053 91058 91059 91062 91065 91066 91068
 91069 91071 91071 91072 91073 91073 91073 91074 91076 91077
 91079 91079 91080 91080 91080 91083 91084 91085 91085 91086
 91087 91090 91093 91094 91094 91094 91094 91095 91097 91099


Array Size = 43
 92040 92052 92099 92077 92096 92055 92083 92060 92089 92065
 92042 92000 92023 92050 92004 92015 92071 92075 92058 92014
 92004 92057 92010 92011 92009 92040 92059 92007 92086 92030
 92029 92097 92005 92014 92065 92019 92055 92001 92059 92008
 92050 92031 92073

Array Size = 84
 93000 93001 93001 93002 93002 93003 93008 93009 93012 93012
 93013 93015 93016 93017 93017 93017 93017 93018 93019 93021
 93021 93025 93026 93027 93029 93030 93030 93032 93032 93033
 93033 93034 93035 93036 93040 93040 93040 93041 93042 93043
 93044 93045 93048 93048 93051 93051 93051 93052 93053 93054
 93054 93055 93058 93062 93064 93066 93067 93068 93069 93070
 93071 93072 93072 93073 93073 93077 93078 93080 93080 93082
 93082 93083 93083 93083 93088 93091 93091 93092 93093 93093
 93093 93094 93095 93096

Array Size = 11
 94052 94033 94074 94058 94068 94090 94028 94026 94044 94037
 94013

Array Size = 99
 95001 95001 95002 95003 95003 95004 95004 95006 95007 95008
 95009 95011 95012 95012 95013 95013 95014 95014 95014 95016
 95020 95021 95022 95023 95023 95024 95025 95027 95027 95028
 95028 95031 95031 95032 95034 95034 95034 95034 95037 95037
 95041 95042 95044 95045 95045 95047 95047 95048 95049 95050
 95050 95051 95052 95053 95053 95053 95054 95058 95059 95061
 95062 95063 95063 95068 95068 95069 95069 95070 95070 95072
 95072 95073 95074 95075 95077 95077 95079 95081 95082 95083
 95083 95084 95085 95087 95088 95088 95089 95090 95091 95091
 95091 95092 95093 95095 95096 95097 95097 95098 95099

Array Size = 94
 96042 96091 96013 96035 96026 96064 96015 96091 96062 96011
 96080 96061 96071 96033 96049 96072 96044 96073 96052 96075
 96070 96051 96007 96026 96043 96049 96022 96072 96084 96057
 96000 96007 96054 96086 96059 96038 96067 96016 96016 96032
 96047 96099 96079 96021 96029 96064 96050 96052 96055 96055
 96086 96089 96054 96087 96019 96000 96049 96038 96039 96045
 96069 96021 96001 96069 96091 96041 96087 96038 96081 96022
 96012 96035 96084 96005 96091 96068 96042 96039 96065 96071
 96034 96055 96038 96073 96092 96002 96027 96063 96060 96093
 96020 96083 96065 96018

Array Size = 82
 97000 97001 97002 97005 97005 97005 97007 97008 97008 97010
 97018 97018 97019 97019 97021 97021 97022 97022 97024 97025
 97026 97027 97033 97033 97033 97034 97034 97034 97034 97035
 97037 97040 97041 97042 97043 97045 97046 97046 97047 97049
 97050 97051 97055 97056 97057 97058 97060 97065 97065 97067
 97068 97068 97068 97069 97070 97071 97073 97073 97074 97074
 97075 97076 97076 97077 97077 97077 97077 97083 97083 97085
 97086 97090 97090 97090 97091 97092 97092 97095 97096 97097
 97098 97099

Array Size = 16
 98045 98048 98056 98087 98058 98093 98089 98051 98079 98058
 98006 98002 98068 98028 98092 98067

Array Size = 92
 99002 99003 99005 99008 99008 99009 99010 99012 99014 99014
 99017 99018 99019 99021 99022 99024 99025 99026 99028 99028
 99028 99029 99029 99029 99030 99032 99034 99035 99035 99038
 99038 99043 99043 99044 99045 99046 99048 99050 99051 99051
 99052 99054 99054 99055 99057 99057 99058 99058 99058 99061
 99062 99065 99065 99065 99066 99066 99066 99069 99072 99073
 99073 99073 99073 99074 99074 99075 99076 99077 99079 99081
 99082 99082 99083 99084 99085 99086 99087 99087 99089 99090
 99091 99091 99092 99093 99093 99096 99096 99097 99099 99099
 99099 99099

 96007 96057 96019 96082 96046 96099 96068 96008 96003 96067
 96019 96046 96034 96089 96091 96058 96022 96009 96039 96016
 96037 96010 96031 96022 96096 96091 96069 96091 96031 96055
 96092 96070 96067 96048 96050 96075 96052 96040 96091 96066
 96074

Array Size = 16
 97005 97012 97014 97023 97027 97034 97034 97036 97038 97046
 97050 97052 97063 97086 97092 97099

Array Size = 96
 98019 98072 98009 98015 98091 98066 98032 98089 98000 98072
 98095 98044 98039 98005 98065 98074 98081 98060 98074 98032
 98028 98028 98024 98090 98012 98049 98032 98067 98058 98096
 98077 98071 98079 98044 98019 98003 98018 98098 98043 98055
 98038 98030 98094 98065 98008 98055 98011 98050 98094 98056
 98041 98079 98088 98019 98066 98073 98093 98092 98080 98021
 98044 98029 98052 98014 98085 98075 98089 98065 98073 98094
 98009 98021 98035 98001 98097 98075 98042 98019 98020 98072
 98030 98028 98064 98045 98015 98009 98099 98099 98010 98034
 98017 98095 98052 98083 98014 98096

Array Size = 65
 99001 99007 99009 99010 99011 99012 99012 99014 99015 99016
 99016 99018 99022 99022 99022 99022 99023 99026 99026 99027
 99029 99030 99031 99031 99034 99035 99039 99039 99040 99040
 99040 99043 99045 99045 99045 99049 99050 99052 99052 99052
 99060 99060 99065 99066 99067 99068 99068 99068 99068 99070
 99073 99073 99078 99080 99080 99082 99083 99084 99086 99087
 99089 99093 99095 99098 99099
 95072 95073 95073 95075 95076 95077 95078
 95079 95081 95083 95084 95084 95085 95089 95091 95093 95093
 95095 95096 95098

Array Size = 29
 96055 96025 96025 96088 96099 96029 96056 96007 96039 96088
 96057 96001 96004 96006 96007 96091 96056 96064 96010 96056
 96029 96030 96064 96084 96074 96042 96024 96075 96072

Array Size = 81
 97000 97006 97007 97012 97012 97012 97014 97016 97016 97017
 97019 97020 97021 97024 97025 97027 97028 97029 97031 97032
 97032 97032 97033 97033 97034 97036 97037 97039 97040 97040
 97041 97041 97041 97042 97043 97043 97044 97047 97048 97049
 97049 97053 97053 97055 97055 97055 97056 97057 97057 97062
 97063 97063 97063 97065 97065 97066 97066 97070 97070 97070
 97071 97071 97072 97074 97075 97079 97080 97081 97083 97086
 97086 97086 97088 97092 97092 97092 97093 97094 97095 97095
 97096

Array Size = 12
 98088 98047 98033 98005 98080 98022 98033 98057 98048 98000
 98001 98007

Array Size = 45
 99008 99010 99012 99013 99027 99032 99034 99035 99036 99038
 99038 99038 99039 99040 99041 99042 99045 99045 99047 99047
 99048 99057 99059 99060 99061 99067 99067 99068 99069 99070
 99071 99071 99074 99074 99078 99082 99089 99091 99092 99094
 99094 99094 99096 99097 99097
052
 99052 99053 99054 99054 99055 99055 99055 99056 99056 99056
 99057 99058 99059 99059 99060 99061 99064 99064 99066 99067
 99067 99068 99069 99072 99074 99076 99076 99077 99078 99084
 99084 99086 99090 99091 99091 99094 99095 99099 99099 99099

