
Array Size = 30
    86    15    67    87     5    52    90    67    30    28
     0    31    41    81    50    87    74    14    33    76
    51    81    11    50     5    17    63    75    34    55


Array Size = 46
  1000  1000  1002  1006  1006  1007  1011  1012  1014  1020
  1022  1022  1024  1028  1028  1030  1031  1033  1034  1034
  1036  1039  1041  1043  1045  1050  1051  1052  1053  1056
  1057  1058  1058  1061  1063  1064  1070  1071  1080  1081
  1082  1082  1089  1090  1092  1095

Array Size = 37
  2060  2082  2064  2090  2013  2024  2009  2056  2009  2058
  2087  2063  2019  2017  2041  2017  2019  2008  2021  2092
  2099  2021  2072  2020  2020  2002  2015  2006  2054  2022
  2025  2002  2006  2099  2086  2072  2029

Array Size = 30
  3005  3012  3013  3013  3015  3018  3022  3022  3029  3032
  3034  3039  3040  3042  3047  3047  3050  3058  3059  3059
  3060  3064  3068  3071  3081  3081  3085  3087  3088  3093


Array Size = 41
  4093  4066  4021  4011  4065  4048  4035  4062  4072  4026
  4034  4065  4055  4037  4085  4052  4040  4084  4078  4056
  4063  4081  4022  4098  4086  4089  4083  4056  4091  4098
  4066  4005  4041  4000  4017  4003  4010  4020  4051  4043
  4024

Array Size = 89
  5000  5000  5002  5003  5004  5006  5008  5009  5011  5013
  5016  5017  5017  5018  5018  5019  5021  5022  5023  5023
  5023  5025  5026  5027  5028  5029  5030  5031  5031  5032
  5033  5033  5036  5037  5037  5037  5038  5041  5043  5044
  5045  5046  5047  5051  5051  5053  5053  5053  5053  5054
  5055  5056  5056  5057  5058  5059  5061  5062  5062  5064
  5070  5071  5073  5074  5074  5075  5076  5076  5077  5078
  5078  5079  5081  5081  5082  5082  5084  5086  5088  5088
  5091  5091  5091  5091  5091  5092  5092  5092  5097

Array Size = 14
  6008  6086  6013  6080  6007  6091  6009  6064  6004  6097
  6094  6048  6013  6037

Array Size = 86
  7001  7001  7002  7002  7003  7003  7003  7008  7008  7009
  7011  7011  7012  7013  7013  7016  7017  7017  7018  7022
  7023  7024  7027  7029  7033  7033  7034  7034  7034  7034
  7034  7037  7042  7042  7042  7043  7043  7044  7046  7051
  7052  7052  7054  7054  7061  7061  7061  7062  7063  7063
  7063  7064  7064  7064  7066  7067  7070  7071  7072  7072
  7075  7077  7081  7081  7082  7082  7083  7085  7085  7085
  7086  7086  7087  7091  7092  7092  7093  7093  7094  7095
  7096  7097  7097  7098  7098  7099

Array Size = 80
  8062  8097  8028  8044  8056  8018  8054  8042  8000  8041
  8034  8026  8062  8093  8052  8013  8012  8069  8035  8066
  8027  8092  8086  8083  8082  8028  8093  8007  8086  8069
  8015  8033  8057  8046  8054  8016  8083  8021  8015  8002
  8084  8038  8064  8031  8026  8038  8050  8049  8090  8081
  8047  8089  8025  8025  8009  8053  8077  8038  8087  8086
  8010  8004  8059  8024  8071  8077  8048  8000  8020  8080
  8007  8090  8098  8039  8027  8008  8070  8091  8026  8057


Array Size = 72
  9001  9001  9002  9003  9004  9004  9004  9005  9005  9006
  9008  9008  9009  9010  9011  9011  9015  9015  9016  9016
  9016  9017  9018  9023  9024  9026  9026  9027  9027  9029
  9031  9031  9032  9033  9036  9036  9037  9038  9039  9039
  9039  9042  9042  9042  9043  9043  9044  9048  9050  9053
  9057  9061  9062  9064  9065  9066  9067  9067  9069  9069
  9074  9078  9080  9082  9083  9086  9087  9088  9090  9091
  9099  9099

Array Size = 97
 10023 10078 10015 10015 10025 10086 10055 10081 10030 10073
 10086 10075 10003 10059 10056 10056 10045 10047 10035 10064
 10040 10089 10025 10058 10070 10018 10081 10049 10080 10095
 10098 10075 10009 10092 10028 10081 10029 10070 10009 10030
 10037 10001 10044 10051 10094 10020 10063 10019 10032 10012
 10047 10079 10032 10087 10015 10098 10079 10002 10002 10042
 10008 10086 10027 10072 10054 10038 10005 10025 10063 10074
 10012 10031 10085 10098 10036 10033 10052 10063 10063 10017
 10040 10095 10032 10017 10061 10011 10065 10059 10058 10006
 10073 10042 10070 10094 10015 10022 10055

Array Size = 32
 11002 11013 11016 11018 11019 11020 11021 11023 11026 11028
 11028 11033 11034 11040 11044 11044 11047 11049 11050 11054
 11064 11066 11070 11075 11084 11084 11087 11088 11088 11090
 11096 11096

Array Size = 55
 12093 12011 12069 12014 12030 12064 12075 12060 12099 12095
 12059 12077 12006 12079 12092 12038 12050 12013 12024 12073
 12098 12052 12019 12003 12030 12089 12005 12038 12049 12087
 12097 12011 12031 12004 12058 12028 12098 12074 12083 12057
 12085 12037 12087 12077 12024 12031 12047 12000 12003 12004
 12076 12060 12036 12030 12049

Array Size = 25
 13003 13006 13007 13012 13013 13019 13025 13026 13037 13037
 13038 13039 13039 13043 13044 13051 13056 13057 13067 13068
 13068 13071 13080 13095 13098

Array Size = 48
 14079 14081 14053 14015 14053 14055 14011 14004 14058 14091
 14061 14010 14052 14090 14028 14052 14030 14033 14007 14065
 14039 14006 14048 14047 14025 14068 14008 14069 14022 14050
 14085 14092 14050 14011 14049 14054 14015 14031 14037 14046
 14088 14097 14074 14019 14033 14073 14018 14099

Array Size = 42
 15000 15002 15004 15010 15012 15017 15018 15018 15021 15027
 15028 15030 15034 15036 15039 15043 15043 15044 15049 15054
 15054 15055 15056 15059 15059 15059 15063 15065 15067 15069
 15070 15073 15079 15082 15083 15084 15085 15086 15088 15090
 15091 15094

Array Size = 16
 16004 16041 16053 16034 16016 16042 16090 16082 16092 16062
 16055 16017 16098 16025 16006 16051

Array Size = 62
 17000 17000 17000 17000 17000 17001 17002 17005 17008 17009
 17011 17012 17013 17014 17017 17017 17019 17020 17022 17022
 17023 17024 17025 17026 17028 17030 17031 17033 17034 17035
 17036 17036 17039 17039 17041 17042 17046 17051 17054 17054
 17056 17056 17057 17058 17060 17060 17060 17061 17069 17069
 17072 17072 17075 17075 17078 17079 17079 17080 17082 17088
 17089 17097

Array Size = 47
 18098 18044 18032 18057 18012 18071 18090 18043 18090 18006
 18081 18027 18076 18097 18017 18030 18026 18034 18086 18034
 18044 18089 18002 18046 18015 18082 18071 18003 18096 18083
 18012 18019 18069 18088 18070 18089 18092 18035 18074 18038
 18031 18080 18093 18059 18090 18087 18090

Array Size = 50
 19002 19004 19005 19006 19007 19011 19012 19015 19015 19015
 19017 19017 19021 19021 19022 19033 19033 19034 19035 19042
 19044 19044 19045 19045 19046 19048 19054 19056 19056 19062
 19063 19063 19064 19066 19071 19072 19076 19079 19079 19080
 19082 19082 19087 19088 19089 19091 19092 19093 19098 19099


Array Size = 79
 20041 20040 20056 20091 20019 20070 20074 20008 20098 20037
 20039 20030 20022 20022 20090 20068 20040 20045 20070 20023
 20076 20062 20019 20075 20050 20075 20099 20074 20089 20096
 20038 20058 20045 20009 20010 20035 20039 20085 20010 20079
 20026 20059 20024 20041 20070 20033 20004 20035 20099 20035
 20070 20069 20052 20084 20011 20063 20045 20093 20054 20041
 20014 20061 20059 20018 20085 20039 20012 20055 20063 20051
 20016 20040 20099 20056 20043 20061 20026 20044 20061

Array Size = 77
 21001 21003 21006 21006 21007 21008 21012 21013 21013 21015
 21016 21017 21018 21020 21020 21021 21022 21024 21024 21025
 21027 21029 21029 21030 21031 21031 21033 21034 21035 21035
 21038 21040 21042 21043 21046 21048 21049 21051 21053 21053
 21054 21055 21057 21059 21061 21061 21062 21062 21064 21064
 21064 21065 21065 21068 21069 21070 21071 21072 21074 21080
 21081 21083 21084 21084 21085 21085 21086 21087 21088 21092
 21093 21094 21094 21094 21098 21099 21099

Array Size = 75
 22085 22098 22089 22011 22016 22048 22034 22061 22093 22030
 22074 22015 22027 22088 22016 22012 22093 22054 22028 22071
 22008 22002 22044 22083 22033 22085 22008 22067 22055 22070
 22058 22018 22077 22058 22066 22039 22040 22056 22002 22024
 22011 22077 22095 22012 22059 22093 22011 22090 22062 22085
 22007 22067 22045 22059 22059 22053 22059 22041 22083 22065
 22035 22093 22067 22011 22049 22016 22097 22059 22017 22057
 22062 22015 22044 22093 22025

Array Size = 90
 23000 23001 23003 23004 23006 23006 23008 23008 23013 23014
 23015 23015 23016 23017 23019 23020 23020 23020 23022 23022
 23024 23025 23026 23028 23032 23032 23035 23036 23037 23037
 23037 23038 23040 23040 23040 23041 23042 23042 23043 23044
 23044 23046 23046 23048 23048 23051 23053 23054 23055 23056
 23060 23062 23065 23066 23067 23067 23068 23068 23069 23070
 23071 23073 23073 23075 23075 23076 23076 23078 23078 23080
 23081 23083 23083 23083 23085 23085 23085 23087 23087 23090
 23090 23090 23091 23094 23095 23098 23098 23098 23098 23099


Array Size = 36
 24043 24070 24005 24029 24059 24012 24056 24070 24031 24046
 24068 24096 24009 24091 24000 24004 24048 24026 24041 24067
 24094 24038 24046 24043 24066 24012 24034 24052 24082 24012
 24026 24083 24097 24014 24020 24064

Array Size = 18
 25001 25001 25008 25020 25031 25046 25047 25047 25062 25068
 25070 25070 25085 25087 25091 25092 25092 25096

Array Size = 89
 26046 26052 26016 26030 26046 26079 26041 26063 26024 26068
 26005 26019 26046 26068 26069 26033 26021 26004 26083 26067
 26054 26074 26098 26047 26059 26042 26006 26091 26073 26018
 26095 26099 26093 26066 26077 26020 26007 26049 26019 26001
 26048 26098 26043 26034 26081 26097 26076 26075 26081 26074
 26002 26063 26033 26074 26008 26013 26041 26046 26096 26031
 26028 26082 26057 26091 26026 26002 26011 26048 26033 26083
 26043 26007 26068 26071 26095 26041 26087 26076 26069 26064
 26090 26033 26054 26039 26095 26016 26036 26037 26048

Array Size = 50
 27002 27003 27006 27010 27013 27014 27019 27020 27021 27022
 27024 27024 27026 27027 27027 27029 27031 27033 27033 27035
 27038 27039 27039 27040 27043 27047 27048 27051 27053 27055
 27056 27057 27058 27061 27068 27071 27072 27075 27079 27082
 27082 27083 27084 27087 27089 27091 27092 27095 27097 27097


Array Size = 39
 28095 28098 28068 28003 28066 28087 28083 28097 28004 28098
 28082 28081 28054 28019 28091 28087 28046 28063 28030 28007
 28076 28052 28061 28019 28002 28055 28072 28030 28083 28027
 28070 28060 28088 28070 28093 28086 28059 28074 28016

Array Size = 95
 29000 29000 29001 29001 29001 29003 29003 29004 29004 29005
 29007 29008 29008 29009 29010 29011 29011 29011 29012 29013
 29014 29014 29019 29019 29019 29019 29020 29022 29023 29024
 29025 29028 29030 29031 29034 29034 29035 29035 29037 29038
 29040 29040 29041 29041 29041 29042 29044 29044 29044 29044
 29046 29047 29048 29048 29051 29055 29055 29056 29056 29057
 29059 29064 29065 29065 29066 29067 29067 29067 29068 29069
 29070 29071 29071 29075 29076 29078 29079 29080 29080 29081
 29081 29085 29086 29088 29088 29089 29089 29091 29092 29093
 29093 29097 29098 29099 29099

Array Size = 26
 30077 30071 30099 30043 30006 30026 30085 30070 30057 30074
 30003 30041 30065 30096 30069 30002 30043 30090 30028 30080
 30081 30088 30089 30082 30096 30050

Array Size = 62
 31000 31002 31004 31006 31006 31007 31007 31009 31009 31011
 31011 31012 31017 31023 31023 31023 31025 31026 31026 31028
 31029 31031 31031 31035 31039 31039 31039 31042 31043 31043
 31045 31045 31046 31048 31049 31055 31059 31060 31061 31066
 31066 31070 31070 31071 31076 31077 31077 31079 31080 31083
 31087 31089 31090 31092 31094 31094 31094 31095 31097 31097
 31097 31098

Array Size = 22
 32044 32066 32056 32081 32008 32092 32040 32026 32025 32076
 32066 32087 32023 32049 32056 32057 32058 32022 32006 32033
 32051 32012

Array Size = 66
 33001 33001 33001 33002 33004 33004 33006 33010 33010 33014
 33018 33019 33019 33023 33025 33027 33029 33030 33032 33033
 33033 33034 33035 33036 33037 33038 33043 33045 33051 33052
 33054 33056 33056 33060 33060 33061 33062 33062 33063 33064
 33065 33066 33066 33067 33068 33068 33069 33069 33075 33080
 33080 33084 33084 33085 33087 33088 33089 33089 33092 33092
 33093 33093 33094 33095 33098 33098

Array Size = 21
 34073 34016 34026 34080 34014 34053 34081 34061 34082 34022
 34052 34096 34055 34000 34011 34057 34086 34058 34038 34005
 34042

Array Size = 40
 35004 35012 35013 35016 35016 35017 35022 35027 35027 35029
 35033 35037 35042 35045 35048 35048 35051 35054 35055 35056
 35056 35060 35060 35064 35067 35072 35074 35074 35074 35076
 35077 35079 35082 35088 35088 35093 35094 35094 35095 35096


Array Size = 57
 36018 36021 36069 36083 36050 36018 36036 36094 36056 36052
 36011 36019 36009 36004 36057 36037 36079 36067 36084 36050
 36040 36050 36085 36052 36085 36089 36034 36015 36018 36054
 36037 36072 36023 36068 36025 36000 36062 36058 36002 36006
 36060 36048 36087 36035 36061 36016 36053 36005 36094 36089
 36029 36098 36073 36072 36070 36017 36076

Array Size = 34
 37002 37002 37003 37006 37009 37010 37010 37012 37016 37019
 37021 37023 37024 37028 37029 37030 37030 37030 37032 37032
 37037 37042 37044 37054 37056 37057 37059 37059 37068 37083
 37085 37086 37094 37098

Array Size = 99
 38084 38078 38008 38054 38051 38056 38028 38022 38082 38039
 38077 38037 38007 38076 38063 38066 38064 38049 38011 38058
 38025 38028 38025 38042 38028 38011 38069 38005 38027 38016
 38063 38078 38051 38047 38061 38073 38038 38083 38074 38036
 38006 38004 38004 38003 38086 38058 38075 38038 38009 38031
 38024 38016 38051 38057 38009 38091 38059 38022 38037 38049
 38017 38047 38051 38076 38082 38007 38027 38047 38052 38053
 38007 38058 38048 38039 38033 38032 38099 38066 38064 38064
 38048 38040 38005 38020 38089 38063 38018 38001 38049 38007
 38030 38093 38066 38053 38052 38055 38079 38095 38026

Array Size = 29
 39002 39003 39009 39009 39012 39016 39026 39027 39032 39034
 39039 39044 39044 39054 39057 39058 39059 39066 39067 39067
 39074 39075 39077 39084 39086 39086 39087 39090 39096

Array Size = 58
 40008 40063 40070 40017 40028 40053 40061 40017 40009 40029
 40075 40002 40004 40034 40089 40006 40092 40063 40031 40025
 40084 40035 40083 40067 40015 40026 40095 40085 40049 40046
 40057 40036 40011 40090 40029 40052 40094 40011 40068 40088
 40041 40042 40014 40009 40014 40069 40093 40028 40021 40088
 40023 40069 40032 40014 40035 40058 40055 40086

Array Size = 89
 41000 41001 41001 41002 41003 41005 41005 41006 41006 41007
 41008 41008 41009 41009 41010 41011 41012 41012 41013 41015
 41015 41016 41019 41022 41022 41022 41024 41026 41026 41027
 41027 41028 41030 41034 41035 41035 41036 41036 41037 41039
 41040 41040 41043 41044 41045 41046 41047 41049 41050 41051
 41052 41054 41056 41056 41058 41058 41060 41060 41060 41061
 41063 41063 41064 41064 41069 41069 41069 41070 41071 41071
 41072 41072 41074 41074 41075 41078 41082 41083 41084 41084
 41085 41090 41090 41090 41091 41094 41096 41098 41099

Array Size = 26
 42006 42034 42075 42008 42009 42003 42034 42080 42074 42063
 42030 42075 42083 42059 42087 42052 42054 42074 42024 42023
 42057 42040 42054 42011 42032 42047

Array Size = 73
 43001 43003 43005 43006 43006 43006 43008 43010 43010 43012
 43012 43012 43013 43013 43017 43021 43021 43023 43026 43029
 43029 43031 43032 43032 43033 43033 43035 43038 43039 43046
 43046 43046 43047 43049 43052 43053 43055 43056 43056 43058
 43060 43061 43062 43062 43063 43064 43067 43068 43068 43070
 43070 43071 43072 43073 43073 43073 43075 43081 43086 43087
 43088 43089 43089 43089 43089 43089 43089 43091 43093 43093
 43098 43099 43099

Array Size = 41
 44052 44084 44014 44037 44008 44031 44063 44078 44087 44019
 44017 44059 44065 44086 44051 44034 44035 44066 44014 44005
 44083 44086 44013 44093 44014 44078 44042 44037 44074 44070
 44025 44084 44002 44055 44014 44097 44077 44087 44039 44019
 44025

Array Size = 21
 45000 45000 45001 45006 45010 45012 45022 45028 45030 45041
 45043 45043 45047 45047 45053 45064 45070 45072 45073 45082
 45095

Array Size = 18
 46091 46068 46053 46042 46080 46095 46020 46095 46030 46046
 46055 46005 46013 46076 46084 46011 46062 46088

Array Size = 68
 47002 47003 47008 47010 47011 47014 47014 47014 47015 47015
 47015 47017 47018 47019 47019 47021 47022 47023 47023 47024
 47027 47030 47030 47031 47032 47033 47033 47034 47035 47035
 47036 47038 47040 47040 47040 47041 47042 47044 47045 47047
 47051 47054 47054 47054 47058 47062 47064 47065 47067 47067
 47068 47072 47072 47072 47073 47076 47077 47079 47082 47082
 47083 47086 47089 47092 47095 47095 47098 47098

Array Size = 92
 48002 48042 48023 48073 48084 48099 48088 48027 48077 48024
 48048 48020 48034 48068 48050 48018 48076 48031 48042 48075
 48047 48012 48031 48056 48066 48032 48020 48003 48094 48009
 48070 48009 48036 48025 48040 48052 48095 48042 48073 48031
 48067 48099 48085 48082 48024 48015 48079 48092 48049 48035
 48013 48081 48051 48027 48085 48067 48060 48061 48046 48038
 48052 48025 48028 48006 48047 48004 48055 48047 48067 48017
 48099 48020 48095 48095 48017 48039 48056 48017 48011 48094
 48074 48081 48053 48037 48048 48022 48075 48064 48099 48042
 48039 48098

Array Size = 24
 49003 49004 49007 49010 49023 49031 49037 49042 49044 49047
 49066 49068 49068 49069 49070 49073 49074 49075 49082 49083
 49087 49087 49092 49096

Array Size = 25
 50044 50024 50068 50065 50022 50054 50001 50040 50001 50095
 50081 50067 50060 50069 50058 50041 50037 50071 50007 50078
 50004 50015 50004 50051 50097

Array Size = 76
 51002 51003 51003 51005 51008 51012 51013 51014 51015 51017
 51018 51022 51022 51024 51024 51025 51026 51026 51028 51029
 51029 51030 51032 51034 51034 51035 51036 51039 51039 51042
 51043 51044 51046 51046 51047 51047 51048 51048 51049 51049
 51049 51051 51054 51054 51060 51064 51067 51068 51069 51069
 51069 51070 51072 51073 51074 51074 51075 51076 51077 51079
 51083 51083 51083 51084 51085 51086 51087 51088 51090 51091
 51092 51094 51094 51096 51098 51098

Array Size = 42
 52045 52062 52049 52078 52008 52032 52087 52070 52023 52042
 52073 52018 52037 52019 52020 52064 52047 52041 52006 52032
 52061 52013 52032 52084 52091 52090 52012 52039 52031 52038
 52031 52032 52025 52080 52083 52068 52075 52097 52043 52038
 52061 52078

Array Size = 69
 53001 53001 53003 53003 53004 53004 53006 53010 53010 53014
 53014 53015 53017 53018 53019 53027 53029 53032 53034 53036
 53037 53037 53040 53041 53041 53042 53043 53047 53048 53048
 53050 53054 53054 53055 53057 53058 53059 53060 53062 53065
 53067 53068 53069 53069 53069 53069 53071 53071 53073 53073
 53075 53076 53077 53077 53078 53080 53080 53083 53083 53084
 53085 53086 53086 53088 53088 53088 53094 53094 53095

Array Size = 90
 54000 54098 54022 54051 54011 54042 54017 54058 54001 54052
 54049 54085 54049 54020 54008 54018 54090 54029 54029 54020
 54094 54040 54083 54003 54023 54013 54098 54073 54019 54088
 54064 54083 54075 54025 54083 54006 54026 54012 54064 54061
 54006 54061 54002 54075 54084 54009 54047 54017 54010 54072
 54053 54048 54052 54099 54049 54088 54079 54060 54070 54036
 54051 54045 54043 54048 54051 54035 54043 54026 54073 54000
 54096 54082 54063 54088 54092 54025 54023 54017 54024 54056
 54003 54035 54054 54035 54048 54012 54095 54083 54010 54065


Array Size = 96
 55002 55004 55005 55005 55006 55008 55008 55010 55010 55011
 55011 55013 55013 55013 55014 55014 55014 55014 55014 55015
 55015 55015 55016 55017 55017 55018 55019 55019 55022 55026
 55026 55027 55027 55027 55031 55033 55034 55036 55036 55038
 55038 55040 55040 55040 55042 55043 55043 55045 55047 55047
 55047 55050 55050 55052 55053 55054 55057 55058 55059 55062
 55062 55063 55063 55065 55065 55065 55068 55069 55069 55069
 55069 55070 55071 55072 55074 55076 55077 55080 55081 55082
 55084 55086 55086 55086 55089 55090 55093 55093 55093 55096
 55096 55097 55097 55097 55098 55099

Array Size = 73
 56037 56051 56003 56076 56098 56047 56066 56030 56053 56006
 56099 56069 56081 56023 56028 56022 56047 56005 56017 56049
 56048 56040 56056 56080 56069 56039 56035 56002 56028 56097
 56083 56032 56013 56043 56085 56035 56094 56061 56060 56082
 56022 56083 56076 56000 56065 56004 56068 56079 56000 56089
 56045 56025 56042 56089 56068 56007 56057 56046 56003 56075
 56018 56017 56000 56010 56032 56002 56022 56023 56091 56070
 56075 56006 56098

Array Size = 37
 57001 57003 57005 57010 57014 57014 57015 57015 57017 57019
 57034 57035 57036 57037 57038 57038 57040 57045 57047 57052
 57053 57063 57063 57063 57064 57066 57074 57075 57076 57076
 57077 57078 57093 57093 57094 57095 57099

Array Size = 28
 58075 58002 58058 58018 58068 58036 58013 58007 58096 58010
 58056 58082 58022 58012 58032 58066 58033 58064 58048 58040
 58069 58068 58094 58007 58051 58094 58085 58078

Array Size = 68
 59000 59000 59002 59003 59003 59003 59006 59006 59008 59008
 59009 59009 59010 59013 59017 59018 59018 59018 59019 59019
 59020 59020 59021 59025 59029 59029 59037 59039 59040 59041
 59043 59044 59046 59048 59048 59048 59053 59053 59054 59054
 59054 59055 59058 59059 59061 59067 59069 59070 59070 59071
 59072 59073 59078 59079 59084 59084 59084 59084 59088 59088
 59088 59091 59092 59095 59095 59096 59096 59097

Array Size = 31
 60091 60087 60021 60076 60083 60046 60050 60081 60038 60022
 60049 60021 60098 60010 60043 60019 60014 60072 60086 60058
 60044 60044 60092 60081 60040 60024 60032 60031 60055 60033
 60039

Array Size = 43
 61006 61007 61008 61011 61012 61016 61018 61018 61020 61021
 61022 61035 61044 61046 61052 61053 61054 61055 61058 61062
 61066 61066 61068 61069 61070 61070 61071 61071 61071 61075
 61076 61079 61081 61083 61083 61085 61086 61087 61093 61093
 61093 61093 61094

Array Size = 59
 62090 62041 62053 62025 62059 62078 62009 62050 62007 62086
 62040 62093 62062 62077 62043 62039 62027 62096 62079 62001
 62013 62065 62027 62039 62040 62014 62014 62073 62015 62040
 62073 62098 62011 62027 62029 62030 62046 62020 62020 62063
 62080 62056 62016 62089 62052 62082 62093 62064 62050 62030
 62049 62066 62002 62008 62038 62097 62043 62059 62025

Array Size = 75
 63000 63001 63004 63004 63006 63006 63008 63008 63010 63011
 63012 63013 63015 63016 63016 63016 63018 63019 63020 63021
 63022 63023 63023 63024 63024 63024 63025 63025 63025 63027
 63027 63027 63028 63031 63032 63034 63037 63039 63039 63040
 63040 63045 63046 63047 63047 63048 63048 63052 63057 63060
 63060 63060 63063 63064 63070 63072 63073 63073 63075 63076
 63080 63080 63081 63081 63081 63084 63084 63087 63089 63090
 63091 63095 63095 63097 63099

Array Size = 53
 64040 64065 64088 64082 64003 64073 64022 64008 64055 64061
 64043 64063 64010 64099 64058 64013 64043 64032 64089 64057
 64079 64002 64041 64015 64075 64094 64080 64075 64026 64007
 64078 64036 64061 64016 64027 64057 64057 64010 64047 64037
 64075 64021 64009 64037 64014 64077 64053 64099 64074 64015
 64015 64093 64091

Array Size = 66
 65001 65004 65005 65005 65008 65010 65011 65011 65012 65012
 65015 65026 65026 65027 65027 65028 65028 65033 65033 65035
 65037 65038 65041 65042 65043 65044 65044 65045 65046 65047
 65048 65049 65050 65050 65051 65052 65053 65054 65055 65057
 65058 65059 65062 65063 65063 65063 65064 65065 65065 65068
 65068 65073 65078 65078 65079 65081 65083 65086 65087 65089
 65089 65094 65095 65096 65097 65099

Array Size = 63
 66023 66077 66060 66015 66081 66089 66044 66016 66015 66009
 66045 66060 66033 66056 66094 66049 66057 66066 66008 66007
 66001 66040 66043 66064 66092 66022 66086 66044 66047 66068
 66006 66073 66047 66071 66036 66055 66044 66000 66063 66076
 66007 66023 66032 66008 66000 66005 66090 66089 66014 66021
 66046 66085 66092 66026 66097 66006 66068 66047 66060 66024
 66074 66004 66024

Array Size = 20
 67009 67010 67010 67013 67021 67030 67038 67039 67043 67045
 67053 67058 67060 67071 67077 67080 67084 67086 67096 67097


Array Size = 99
 68091 68063 68010 68045 68051 68025 68037 68090 68027 68040
 68099 68079 68027 68093 68035 68007 68075 68066 68077 68089
 68073 68087 68053 68042 68050 68077 68096 68089 68090 68089
 68099 68091 68039 68061 68048 68071 68078 68073 68082 68011
 68086 68038 68079 68036 68089 68097 68049 68038 68041 68008
 68013 68036 68008 68053 68044 68037 68040 68010 68099 68004
 68085 68063 68070 68094 68012 68002 68014 68006 68084 68066
 68048 68034 68094 68017 68072 68097 68048 68015 68027 68082
 68069 68080 68051 68031 68039 68009 68095 68040 68006 68020
 68012 68066 68032 68097 68005 68062 68034 68082 68094

Array Size = 20
 69002 69008 69014 69031 69031 69037 69045 69048 69053 69057
 69069 69071 69077 69079 69083 69089 69091 69092 69094 69097


Array Size = 64
 70028 70000 70038 70024 70089 70096 70030 70000 70019 70048
 70087 70046 70095 70044 70050 70058 70029 70060 70057 70013
 70074 70011 70054 70020 70042 70045 70070 70053 70022 70096
 70039 70093 70031 70096 70074 70046 70035 70074 70075 70090
 70064 70064 70090 70048 70013 70072 70093 70026 70016 70053
 70065 70012 70026 70089 70008 70071 70016 70062 70086 70090
 70000 70022 70080 70008

Array Size = 86
 71000 71000 71002 71002 71003 71004 71004 71007 71007 71007
 71008 71008 71012 71012 71012 71013 71014 71014 71015 71015
 71015 71018 71019 71019 71020 71023 71024 71029 71029 71033
 71035 71036 71037 71037 71038 71039 71040 71040 71043 71045
 71045 71045 71046 71050 71051 71053 71055 71056 71057 71058
 71058 71059 71059 71062 71062 71063 71064 71065 71067 71068
 71069 71069 71070 71071 71072 71072 71073 71074 71076 71076
 71076 71076 71077 71078 71080 71083 71086 71087 71091 71092
 71092 71093 71094 71097 71099 71099

Array Size = 59
 72072 72062 72062 72018 72001 72067 72084 72045 72036 72079
 72095 72056 72046 72026 72086 72088 72038 72004 72078 72096
 72041 72020 72049 72038 72093 72063 72019 72006 72003 72027
 72078 72016 72083 72027 72000 72092 72076 72074 72038 72077
 72022 72008 72075 72022 72010 72007 72095 72009 72085 72032
 72017 72033 72002 72041 72032 72069 72012 72028 72037

Array Size = 19
 73011 73020 73024 73029 73043 73045 73047 73054 73055 73057
 73058 73065 73066 73076 73081 73086 73090 73098 73099

Array Size = 82
 74086 74010 74063 74088 74058 74089 74073 74080 74017 74087
 74069 74050 74093 74055 74020 74088 74009 74015 74084 74004
 74065 74004 74004 74036 74048 74036 74045 74073 74036 74005
 74079 74099 74060 74052 74057 74082 74068 74071 74065 74002
 74091 74038 74076 74098 74087 74023 74057 74029 74052 74026
 74098 74046 74010 74039 74044 74090 74026 74049 74042 74020
 74029 74055 74094 74030 74053 74024 74033 74082 74059 74059
 74074 74062 74085 74075 74008 74022 74036 74067 74059 74023
 74035 74055

Array Size = 31
 75001 75010 75010 75012 75014 75016 75017 75020 75021 75024
 75025 75026 75026 75027 75027 75029 75031 75031 75035 75036
 75043 75045 75049 75053 75054 75067 75068 75077 75077 75090
 75094

Array Size = 73
 76089 76040 76010 76014 76040 76049 76054 76030 76084 76006
 76093 76006 76070 76045 76047 76017 76076 76022 76080 76047
 76051 76018 76092 76076 76065 76099 76046 76068 76091 76089
 76080 76089 76075 76051 76042 76095 76039 76012 76041 76058
 76040 76079 76023 76013 76041 76087 76044 76085 76011 76097
 76016 76044 76003 76095 76089 76018 76067 76002 76003 76027
 76085 76042 76086 76000 76090 76052 76059 76092 76086 76074
 76069 76035 76078

Array Size = 80
 77000 77002 77002 77004 77004 77006 77006 77007 77009 77011
 77011 77013 77013 77016 77017 77019 77020 77022 77022 77024
 77025 77029 77029 77030 77031 77034 77036 77036 77036 77039
 77039 77042 77042 77045 77047 77048 77050 77051 77055 77056
 77057 77057 77057 77057 77057 77060 77060 77061 77061 77062
 77066 77067 77068 77069 77070 77071 77073 77073 77074 77077
 77078 77078 77080 77081 77083 77084 77087 77088 77088 77089
 77089 77091 77092 77092 77092 77092 77093 77093 77096 77099


Array Size = 38
 78042 78091 78070 78096 78004 78082 78097 78023 78077 78030
 78049 78026 78081 78079 78014 78020 78092 78036 78049 78004
 78013 78060 78069 78011 78026 78031 78077 78082 78058 78061
 78069 78034 78080 78070 78034 78089 78015 78072

Array Size = 13
 79006 79006 79007 79037 79052 79056 79061 79066 79071 79076
 79080 79086 79095

Array Size = 29
 80066 80013 80042 80025 80065 80001 80026 80050 80058 80092
 80052 80043 80051 80047 80048 80084 80080 80021 80046 80041
 80077 80034 80030 80088 80004 80080 80047 80035 80094

Array Size = 56
 81002 81003 81003 81005 81007 81010 81011 81015 81017 81022
 81026 81026 81029 81030 81030 81030 81030 81033 81035 81040
 81041 81042 81043 81044 81051 81052 81053 81053 81054 81055
 81056 81057 81058 81062 81065 81068 81070 81074 81075 81075
 81075 81082 81084 81085 81085 81086 81087 81087 81088 81088
 81089 81091 81091 81094 81096 81097

Array Size = 68
 82005 82075 82014 82027 82060 82096 82012 82054 82003 82028
 82072 82012 82037 82056 82082 82014 82028 82017 82031 82029
 82053 82069 82024 82005 82094 82007 82096 82082 82044 82051
 82025 82004 82050 82092 82023 82017 82023 82086 82000 82003
 82045 82011 82068 82003 82071 82052 82040 82008 82005 82005
 82063 82007 82013 82019 82043 82061 82048 82013 82016 82043
 82020 82017 82098 82083 82095 82062 82091 82094

Array Size = 46
 83004 83007 83009 83009 83011 83011 83012 83015 83017 83018
 83018 83021 83025 83027 83034 83043 83045 83046 83046 83047
 83047 83050 83050 83050 83051 83056 83061 83068 83068 83070
 83072 83072 83072 83073 83074 83075 83078 83080 83081 83084
 83085 83090 83094 83095 83096 83099

Array Size = 50
 84053 84091 84012 84036 84069 84006 84048 84079 84017 84083
 84093 84026 84092 84043 84046 84084 84068 84027 84077 84005
 84002 84045 84054 84024 84072 84086 84028 84051 84001 84042
 84067 84097 84041 84071 84064 84095 84018 84078 84054 84010
 84072 84090 84013 84096 84008 84048 84043 84084 84036 84076


Array Size = 82
 85001 85001 85002 85002 85003 85005 85005 85006 85007 85007
 85008 85009 85009 85014 85016 85016 85017 85018 85018 85020
 85023 85023 85025 85027 85029 85029 85029 85032 85034 85035
 85035 85037 85037 85039 85039 85039 85039 85043 85044 85046
 85046 85046 85047 85047 85050 85050 85050 85051 85052 85054
 85056 85056 85058 85059 85059 85064 85065 85066 85067 85070
 85070 85071 85071 85072 85072 85073 85073 85076 85079 85079
 85080 85081 85083 85085 85087 85088 85091 85091 85093 85094
 85097 85098

Array Size = 60
 86009 86076 86025 86004 86044 86009 86049 86056 86084 86025
 86011 86028 86038 86065 86076 86033 86083 86050 86064 86080
 86019 86044 86046 86012 86048 86048 86008 86091 86055 86051
 86052 86047 86062 86046 86036 86027 86078 86029 86038 86073
 86010 86009 86085 86076 86021 86056 86071 86087 86006 86082
 86084 86002 86045 86047 86088 86005 86051 86076 86095 86090


Array Size = 47
 87000 87006 87008 87009 87009 87010 87010 87011 87012 87015
 87017 87018 87018 87019 87019 87027 87027 87028 87030 87030
 87034 87035 87038 87039 87040 87041 87041 87046 87050 87051
 87053 87054 87054 87060 87062 87065 87069 87069 87074 87077
 87079 87083 87083 87084 87084 87087 87098

Array Size = 59
 88089 88034 88014 88090 88079 88068 88061 88035 88097 88048
 88007 88056 88046 88076 88069 88076 88014 88036 88060 88017
 88001 88063 88028 88013 88028 88002 88067 88031 88043 88092
 88032 88026 88056 88038 88087 88077 88002 88059 88072 88016
 88045 88092 88064 88001 88004 88083 88052 88031 88041 88005
 88080 88094 88036 88093 88098 88098 88023 88064 88015

Array Size = 28
 89000 89010 89010 89014 89014 89026 89026 89027 89033 89038
 89043 89047 89048 89048 89049 89056 89056 89064 89065 89067
 89077 89077 89085 89088 89088 89090 89093 89095

Array Size = 42
 90052 90064 90040 90034 90080 90003 90037 90087 90032 90047
 90062 90027 90027 90042 90087 90035 90065 90090 90083 90043
 90091 90072 90095 90061 90027 90087 90053 90097 90065 90024
 90012 90059 90079 90066 90048 90008 90020 90003 90061 90079
 90030 90054

Array Size = 98
 91002 91003 91003 91003 91003 91004 91005 91005 91006 91006
 91006 91006 91006 91007 91007 91007 91008 91008 91008 91009
 91009 91012 91012 91012 91014 91014 91014 91015 91016 91016
 91018 91019 91019 91021 91022 91023 91025 91031 91032 91032
 91037 91037 91039 91039 91039 91039 91042 91043 91044 91047
 91049 91049 91050 91051 91051 91051 91052 91053 91053 91053
 91053 91055 91057 91059 91061 91062 91063 91063 91064 91065
 91066 91068 91070 91071 91073 91077 91078 91078 91079 91080
 91080 91082 91082 91083 91083 91084 91086 91086 91087 91088
 91088 91089 91090 91093 91094 91095 91096 91098

Array Size = 59
 92039 92066 92038 92014 92033 92041 92086 92003 92034 92023
 92036 92040 92097 92090 92054 92010 92066 92041 92017 92044
 92046 92066 92083 92000 92032 92017 92048 92010 92041 92013
 92017 92087 92050 92045 92067 92059 92004 92082 92056 92028
 92086 92049 92011 92089 92040 92071 92034 92011 92088 92099
 92056 92073 92022 92013 92095 92079 92085 92002 92017

Array Size = 45
 93003 93008 93013 93016 93017 93019 93022 93024 93024 93025
 93026 93027 93028 93029 93036 93038 93040 93041 93042 93045
 93046 93049 93050 93054 93058 93060 93063 93063 93064 93066
 93068 93069 93083 93086 93087 93088 93089 93089 93090 93090
 93094 93095 93097 93098 93099

Array Size = 71
 94027 94034 94075 94065 94037 94038 94020 94045 94017 94086
 94098 94057 94023 94043 94091 94037 94003 94080 94052 94069
 94083 94031 94046 94066 94072 94078 94010 94043 94005 94032
 94086 94051 94045 94082 94044 94039 94033 94005 94075 94046
 94042 94098 94031 94006 94058 94025 94084 94064 94084 94089
 94038 94016 94095 94034 94018 94071 94083 94044 94036 94004
 94094 94091 94055 94011 94000 94009 94002 94044 94077 94092
 94075

Array Size = 48
 95000 95001 95001 95002 95003 95003 95005 95006 95010 95012
 95015 95017 95018 95019 95020 95022 95022 95024 95025 95025
 95030 95040 95042 95042 95046 95051 95052 95053 95054 95055
 95058 95059 95061 95062 95078 95078 95079 95079 95081 95082
 95082 95087 95087 95087 95089 95094 95095 95095

Array Size = 71
 96057 96086 96076 96024 96072 96045 96078 96024 96036 96063
 96045 96097 96095 96094 96009 96098 96005 96036 96015 96039
 96082 96083 96083 96081 96062 96016 96051 96016 96097 96035
 96067 96004 96038 96026 96003 96091 96075 96091 96094 96094
 96076 96024 96046 96001 96035 96066 96091 96000 96072 96088
 96091 96016 96058 96022 96038 96028 96002 96055 96070 96003
 96002 96019 96036 96013 96063 96000 96023 96001 96098 96028
 96066

Array Size = 84
 97000 97000 97001 97002 97003 97004 97008 97009 97010 97011
 97012 97013 97013 97015 97015 97016 97017 97018 97018 97019
 97019 97021 97021 97023 97024 97025 97027 97028 97029 97030
 97030 97030 97031 97031 97033 97034 97036 97037 97039 97039
 97041 97043 97043 97044 97044 97045 97046 97046 97047 97048
 97048 97051 97053 97055 97055 97056 97058 97062 97068 97069
 97069 97070 97071 97074 97076 97077 97079 97080 97080 97081
 97082 97086 97087 97087 97087 97087 97088 97090 97092 97092
 97093 97095 97096 97099

Array Size = 71
 98018 98083 98066 98023 98020 98056 98004 98016 98021 98042
 98059 98088 98043 98033 98022 98084 98090 98054 98064 98041
 98011 98031 98088 98030 98023 98064 98027 98077 98000 98015
 98032 98059 98014 98000 98083 98044 98094 98075 98016 98090
 98099 98079 98020 98059 98087 98043 98074 98064 98065 98011
 98079 98015 98063 98078 98050 98016 98070 98027 98091 98097
 98010 98085 98032 98040 98013 98012 98038 98052 98017 98001
 98042

Array Size = 29
 99004 99012 99013 99023 99023 99026 99026 99032 99034 99036
 99038 99044 99045 99048 99049 99052 99064 99065 99069 99073
 99073 99085 99086 99091 99096 99096 99097 99098 99099
51 99052
 99053 99058 99061 99064 99067 99068 99069 99071 99079 99080
 99082 99082 99083 99083 99084 99085 99088 99090 99091 99091
 99093 99097
031 92041

Array Size = 90
 93001 93002 93002 93004 93004 93005 93008 93009 93011 93011
 93012 93012 93013 93014 93015 93016 93016 93016 93018 93018
 93020 93021 93022 93024 93024 93025 93025 93025 93025 93027
 93029 93029 93032 93033 93034 93034 93035 93039 93041 93041
 93042 93043 93043 93043 93045 93045 93047 93047 93048 93050
 93050 93050 93055 93057 93057 93058 93058 93058 93059 93060
 93061 93064 93064 93066 93067 93068 93069 93070 93071 93072
 93072 93072 93072 93073 93074 93074 93077 93080 93081 93081
 93083 93086 93086 93092 93092 93092 93093 93095 93096 93097


Array Size = 34
 94064 94036 94095 94091 94065 94061 94070 94080 94097 94092
 94009 94086 94000 94024 94022 94066 94044 94060 94035 94057
 94089 94058 94056 94035 94083 94034 94004 94082 94036 94031
 94014 94039 94072 94065

Array Size = 31
 95000 95003 95004 95007 95007 95011 95011 95018 95020 95026
 95028 95035 95036 95040 95041 95043 95050 95052 95053 95055
 95064 95075 95077 95083 95089 95089 95090 95094 95095 95096
 95099

Array Size = 43
 96038 96025 96075 96007 96074 96060 96009 96081 96058 96083
 96048 96060 96023 96079 96034 96091 96032 96062 96021 96073
 96008 96024 96092 96091 96061 96089 96040 96081 96043 96096
 96067 96072 96040 96002 96097 96065 96007 96017 96080 96071
 96053 96059 96007

Array Size = 56
 97002 97006 97013 97013 97017 97018 97018 97019 97021 97023
 97023 97027 97027 97031 97031 97035 97038 97040 97042 97043
 97043 97044 97045 97046 97046 97046 97046 97049 97049 97050
 97051 97051 97054 97055 97056 97057 97061 97064 97064 97066
 97071 97073 97075 97078 97078 97080 97084 97090 97091 97091
 97093 97093 97095 97097 97098 97098

Array Size = 66
 98090 98043 98061 98090 98079 98054 98082 98003 98084 98071
 98020 98058 98028 98094 98005 98048 98027 98025 98065 98000
 98079 98026 98063 98095 98035 98036 98024 98066 98050 98093
 98096 98002 98082 98002 98044 98074 98070 98057 98070 98030
 98090 98027 98084 98043 98035 98035 98077 98088 98092 98000
 98001 98047 98013 98009 98079 98095 98037 98046 98048 98067
 98036 98075 98096 98059 98029 98089

Array Size = 71
 99001 99002 99005 99006 99007 99009 99010 99010 99010 99010
 99011 99011 99012 99013 99014 99016 99017 99017 99022 99027
 99027 99028 99030 99030 99031 99033 99033 99034 99034 99036
 99036 99037 99040 99043 99044 99044 99045 99051 99055 99056
 99056 99057 99057 99058 99058 99063 99068 99072 99072 99072
 99072 99076 99079 99080 99081 99082 99084 99085 99086 99087
 99087 99089 99090 99091 99091 99091 99092 99095 99098 99099
 99099
56
 99057 99058 99059 99059 99060 99061 99064 99064 99066 99067
 99067 99068 99069 99072 99074 99076 99076 99077 99078 99084
 99084 99086 99090 99091 99091 99094 99095 99099 99099 99099

