
Array Size = 83
    66    98    91     5    11    81    12    41    22    71
    80    71    12    57    32    30    15    57    87    99
    12    96    95    15    57    47    32    75    62    99
    46    30     3    59    11    69    51    98    44    95
    83    68    53    84    91    94    95    32    81    99
    18    60    14     2    25    71    92    93     1    75
    98    22    26    54     1    20    19    98    97     6
    66    21    44    75    48    48    17    48    27    89
    49    31     2

Array Size = 42
  1003  1007  1007  1007  1008  1014  1014  1014  1018  1018
  1020  1025  1026  1027  1032  1033  1038  1040  1043  1045
  1047  1052  1058  1058  1058  1063  1064  1066  1071  1074
  1083  1085  1086  1086  1090  1092  1094  1095  1096  1096
  1097  1098

Array Size = 49
  2014  2068  2048  2031  2022  2086  2048  2060  2044  2010
  2041  2013  2071  2096  2065  2099  2033  2080  2014  2023
  2079  2082  2098  2037  2032  2017  2078  2083  2012  2073
  2033  2038  2093  2000  2045  2000  2095  2088  2047  2044
  2061  2003  2088  2002  2072  2003  2065  2049  2012

Array Size = 21
  3000  3003  3010  3010  3024  3036  3038  3042  3054  3055
  3058  3062  3065  3080  3080  3081  3082  3084  3086  3095
  3099

Array Size = 41
  4064  4099  4009  4052  4081  4012  4044  4075  4016  4040
  4029  4058  4090  4048  4044  4006  4034  4070  4000  4031
  4029  4093  4085  4072  4015  4064  4061  4059  4048  4064
  4001  4096  4093  4066  4084  4051  4091  4032  4025  4098
  4037

Array Size = 27
  5003  5003  5009  5009  5013  5015  5020  5020  5023  5029
  5037  5040  5042  5049  5050  5051  5054  5059  5064  5070
  5075  5076  5081  5085  5085  5088  5098

Array Size = 69
  6038  6040  6069  6071  6095  6019  6027  6064  6064  6048
  6030  6087  6097  6077  6047  6012  6013  6085  6067  6033
  6027  6001  6087  6015  6047  6054  6079  6075  6071  6024
  6048  6063  6082  6073  6070  6044  6095  6041  6096  6034
  6024  6086  6044  6086  6053  6069  6052  6070  6020  6042
  6021  6087  6026  6049  6055  6010  6056  6001  6079  6004
  6032  6002  6051  6065  6073  6074  6040  6054  6060

Array Size = 29
  7007  7014  7022  7027  7027  7029  7033  7034  7045  7045
  7046  7051  7053  7057  7059  7062  7064  7074  7078  7080
  7084  7093  7094  7096  7097  7097  7097  7098  7099

Array Size = 31
  8047  8040  8057  8064  8029  8095  8019  8048  8039  8065
  8038  8037  8099  8043  8043  8043  8018  8011  8019  8000
  8023  8036  8010  8030  8013  8074  8078  8099  8023  8033
  8039

Array Size = 28
  9000  9008  9009  9009  9011  9021  9023  9024  9026  9030
  9036  9037  9041  9044  9051  9051  9051  9057  9060  9061
  9070  9083  9087  9089  9090  9092  9092  9094

Array Size = 46
 10040 10098 10093 10095 10071 10055 10083 10040 10005 10036
 10059 10069 10092 10044 10033 10004 10097 10031 10020 10031
 10053 10045 10071 10065 10096 10051 10050 10028 10088 10001
 10024 10056 10003 10000 10078 10063 10027 10082 10042 10084
 10019 10098 10087 10079 10077 10052

Array Size = 49
 11005 11006 11008 11013 11014 11015 11016 11018 11019 11020
 11023 11023 11029 11032 11034 11035 11039 11046 11050 11051
 11053 11054 11057 11058 11060 11062 11063 11063 11063 11063
 11064 11066 11073 11076 11077 11078 11078 11079 11081 11084
 11086 11087 11088 11089 11089 11090 11097 11098 11098

Array Size = 68
 12004 12061 12044 12076 12019 12033 12041 12093 12019 12054
 12008 12044 12069 12025 12066 12065 12051 12033 12043 12088
 12006 12061 12024 12037 12032 12012 12040 12061 12031 12058
 12097 12068 12066 12036 12042 12049 12061 12088 12003 12048
 12012 12098 12021 12000 12078 12075 12027 12060 12041 12003
 12046 12017 12078 12011 12067 12091 12008 12009 12085 12018
 12053 12092 12094 12003 12008 12087 12009 12082

Array Size = 61
 13000 13003 13004 13005 13006 13006 13008 13010 13011 13012
 13012 13014 13016 13018 13019 13019 13023 13025 13025 13025
 13027 13028 13029 13029 13030 13031 13031 13032 13034 13038
 13039 13041 13043 13043 13044 13047 13050 13050 13050 13050
 13054 13056 13057 13057 13061 13066 13068 13068 13068 13077
 13078 13079 13079 13081 13082 13083 13086 13092 13093 13096
 13099

Array Size = 36
 14055 14070 14084 14060 14069 14063 14085 14055 14023 14098
 14066 14008 14039 14038 14069 14089 14044 14053 14066 14021
 14044 14067 14076 14038 14047 14022 14005 14057 14036 14060
 14084 14071 14037 14035 14001 14059

Array Size = 10
 15000 15006 15009 15021 15033 15042 15066 15075 15078 15080


Array Size = 43
 16094 16065 16049 16030 16027 16055 16051 16021 16052 16054
 16025 16006 16084 16033 16067 16048 16018 16084 16014 16035
 16075 16040 16065 16058 16018 16081 16028 16087 16046 16013
 16003 16031 16026 16077 16085 16040 16009 16072 16089 16087
 16031 16045 16063

Array Size = 30
 17004 17005 17012 17014 17019 17022 17023 17030 17038 17039
 17040 17043 17045 17049 17052 17055 17063 17065 17066 17067
 17068 17072 17074 17079 17086 17088 17093 17093 17098 17098


Array Size = 88
 18040 18083 18093 18027 18011 18082 18081 18024 18079 18049
 18091 18001 18016 18041 18082 18020 18067 18096 18038 18014
 18049 18063 18043 18016 18063 18041 18065 18048 18029 18081
 18008 18082 18029 18048 18048 18054 18061 18065 18009 18051
 18049 18082 18003 18026 18084 18060 18087 18026 18098 18068
 18039 18091 18071 18076 18070 18042 18018 18043 18036 18069
 18033 18051 18085 18057 18068 18047 18066 18070 18042 18063
 18018 18082 18058 18087 18066 18044 18092 18033 18054 18023
 18063 18069 18076 18067 18052 18025 18004 18025

Array Size = 90
 19000 19001 19001 19002 19006 19008 19010 19011 19012 19015
 19016 19017 19017 19017 19020 19021 19023 19024 19024 19026
 19026 19027 19027 19028 19030 19032 19033 19039 19039 19040
 19042 19045 19046 19046 19047 19047 19047 19047 19049 19049
 19051 19052 19052 19053 19053 19054 19055 19055 19055 19056
 19057 19057 19058 19058 19062 19065 19065 19067 19068 19068
 19069 19070 19070 19071 19072 19072 19072 19072 19074 19075
 19075 19075 19077 19077 19079 19080 19083 19084 19085 19085
 19086 19087 19091 19093 19093 19094 19096 19096 19099 19099


Array Size = 24
 20094 20011 20004 20058 20014 20029 20092 20061 20043 20078
 20094 20089 20003 20070 20099 20015 20044 20028 20078 20004
 20014 20091 20011 20035

Array Size = 65
 21002 21002 21002 21002 21003 21004 21006 21006 21009 21011
 21011 21014 21015 21016 21016 21017 21017 21018 21019 21020
 21020 21022 21022 21022 21022 21026 21028 21030 21030 21035
 21035 21039 21045 21046 21046 21049 21049 21051 21051 21052
 21054 21055 21055 21056 21057 21057 21061 21061 21064 21066
 21070 21070 21070 21082 21083 21085 21089 21091 21091 21092
 21093 21093 21095 21096 21098

Array Size = 82
 22093 22070 22003 22075 22081 22043 22056 22039 22026 22097
 22026 22065 22042 22024 22098 22027 22094 22041 22086 22036
 22086 22008 22012 22026 22056 22068 22035 22018 22000 22022
 22017 22029 22038 22093 22013 22031 22056 22037 22017 22055
 22065 22093 22058 22094 22012 22028 22040 22034 22028 22056
 22047 22048 22078 22015 22031 22066 22050 22072 22093 22094
 22057 22098 22068 22026 22026 22039 22025 22007 22086 22094
 22069 22051 22054 22001 22021 22032 22050 22052 22093 22097
 22026 22022

Array Size = 32
 23000 23004 23004 23004 23005 23013 23021 23025 23030 23031
 23035 23042 23047 23064 23065 23066 23067 23068 23073 23075
 23077 23079 23083 23084 23093 23093 23095 23095 23096 23097
 23097 23099

Array Size = 65
 24093 24016 24081 24021 24062 24021 24044 24080 24036 24063
 24011 24071 24076 24091 24054 24076 24091 24065 24038 24064
 24021 24018 24009 24035 24070 24045 24014 24086 24001 24060
 24082 24049 24091 24041 24013 24094 24051 24033 24017 24056
 24013 24069 24090 24073 24067 24051 24019 24081 24095 24035
 24068 24003 24022 24068 24007 24084 24062 24099 24017 24059
 24074 24003 24087 24069 24079

Array Size = 19
 25002 25005 25008 25016 25022 25026 25027 25032 25035 25037
 25045 25053 25058 25069 25069 25070 25075 25080 25095

Array Size = 23
 26064 26012 26036 26087 26006 26025 26061 26023 26046 26070
 26069 26029 26007 26086 26047 26043 26003 26012 26014 26010
 26096 26031 26055

Array Size = 63
 27000 27001 27002 27006 27006 27007 27009 27011 27014 27016
 27017 27017 27018 27019 27022 27024 27025 27028 27029 27029
 27032 27032 27035 27039 27039 27040 27040 27042 27042 27044
 27045 27047 27050 27053 27056 27057 27059 27059 27060 27060
 27061 27061 27067 27070 27070 27071 27072 27074 27076 27077
 27078 27079 27081 27083 27083 27084 27086 27090 27091 27091
 27093 27094 27099

Array Size = 34
 28075 28008 28022 28046 28065 28008 28001 28031 28025 28044
 28036 28040 28052 28084 28092 28039 28083 28052 28097 28063
 28029 28026 28018 28098 28049 28039 28019 28008 28047 28087
 28085 28007 28055 28005

Array Size = 34
 29001 29003 29004 29004 29006 29008 29009 29010 29011 29017
 29017 29020 29025 29037 29037 29037 29040 29048 29052 29053
 29060 29064 29065 29069 29074 29074 29081 29081 29087 29090
 29090 29092 29096 29099

Array Size = 36
 30004 30076 30000 30002 30046 30060 30073 30030 30036 30089
 30020 30059 30013 30074 30004 30060 30056 30083 30037 30079
 30047 30072 30074 30004 30060 30058 30011 30029 30008 30056
 30030 30030 30099 30041 30003 30019

Array Size = 49
 31000 31005 31005 31005 31006 31012 31012 31013 31015 31017
 31019 31025 31026 31028 31028 31032 31033 31033 31037 31037
 31037 31038 31038 31039 31046 31048 31048 31049 31053 31059
 31060 31061 31064 31065 31066 31069 31069 31074 31076 31077
 31078 31081 31082 31085 31087 31090 31090 31092 31092

Array Size = 61
 32075 32074 32025 32035 32058 32089 32066 32030 32012 32085
 32034 32069 32005 32074 32020 32030 32015 32065 32036 32054
 32058 32044 32077 32004 32051 32082 32007 32032 32093 32088
 32080 32018 32074 32051 32011 32073 32098 32059 32026 32055
 32057 32002 32073 32092 32088 32088 32086 32014 32023 32059
 32045 32080 32022 32092 32028 32003 32080 32090 32033 32014
 32024

Array Size = 25
 33001 33004 33006 33012 33015 33023 33023 33025 33030 33030
 33033 33034 33037 33045 33055 33059 33062 33065 33067 33071
 33074 33075 33085 33092 33093

Array Size = 97
 34087 34091 34008 34018 34006 34071 34022 34024 34003 34068
 34080 34065 34063 34001 34032 34092 34031 34053 34024 34039
 34088 34098 34023 34093 34039 34005 34025 34074 34014 34027
 34000 34072 34003 34054 34018 34054 34067 34086 34098 34003
 34064 34056 34000 34056 34056 34000 34065 34019 34057 34022
 34029 34072 34046 34020 34024 34052 34071 34038 34002 34048
 34001 34065 34074 34022 34027 34080 34038 34068 34074 34045
 34052 34003 34089 34095 34079 34009 34011 34091 34060 34003
 34085 34046 34054 34006 34058 34013 34020 34090 34096 34027
 34069 34001 34040 34016 34065 34057 34070

Array Size = 55
 35002 35002 35002 35002 35004 35009 35010 35012 35012 35016
 35017 35019 35020 35026 35029 35030 35031 35032 35035 35037
 35039 35041 35042 35047 35047 35048 35054 35055 35056 35056
 35057 35058 35060 35061 35061 35062 35062 35063 35066 35067
 35068 35068 35068 35074 35076 35078 35080 35080 35083 35085
 35088 35091 35091 35094 35097

Array Size = 11
 36071 36060 36043 36076 36069 36077 36064 36014 36098 36084
 36073

Array Size = 42
 37003 37010 37012 37013 37014 37015 37018 37021 37029 37029
 37031 37031 37033 37036 37037 37039 37042 37043 37043 37048
 37049 37058 37058 37060 37061 37068 37070 37071 37072 37072
 37073 37075 37076 37078 37078 37079 37091 37092 37093 37093
 37094 37097

Array Size = 80
 38044 38035 38028 38061 38051 38050 38058 38027 38063 38035
 38081 38018 38032 38049 38007 38064 38001 38008 38036 38009
 38088 38023 38094 38013 38041 38089 38039 38005 38083 38056
 38009 38052 38007 38046 38076 38079 38043 38076 38071 38021
 38030 38099 38055 38038 38072 38065 38011 38048 38034 38003
 38087 38005 38030 38084 38049 38051 38035 38062 38046 38061
 38004 38061 38067 38047 38050 38016 38012 38099 38036 38004
 38039 38029 38017 38054 38020 38045 38036 38048 38097 38002


Array Size = 55
 39000 39003 39006 39009 39010 39010 39011 39015 39016 39017
 39019 39020 39028 39029 39029 39030 39030 39030 39033 39034
 39035 39038 39038 39042 39044 39044 39047 39048 39053 39054
 39054 39056 39057 39059 39060 39061 39062 39062 39064 39066
 39067 39069 39069 39073 39077 39077 39077 39079 39085 39086
 39088 39091 39093 39097 39097

Array Size = 88
 40012 40063 40087 40001 40029 40040 40033 40032 40009 40092
 40002 40096 40092 40085 40001 40094 40043 40065 40069 40085
 40029 40061 40049 40024 40031 40038 40074 40065 40069 40049
 40019 40015 40031 40024 40074 40093 40043 40070 40093 40085
 40098 40086 40004 40067 40005 40095 40090 40057 40086 40043
 40079 40066 40085 40075 40002 40060 40040 40050 40064 40071
 40051 40079 40098 40029 40041 40057 40013 40025 40031 40032
 40073 40043 40018 40000 40068 40034 40092 40069 40008 40031
 40026 40089 40007 40041 40057 40036 40066 40048

Array Size = 13
 41007 41007 41012 41033 41034 41040 41040 41044 41048 41069
 41079 41081 41092

Array Size = 16
 42083 42034 42065 42075 42016 42072 42063 42009 42040 42087
 42015 42089 42026 42085 42077 42083

Array Size = 73
 43000 43001 43003 43003 43007 43008 43008 43008 43009 43011
 43011 43013 43013 43014 43017 43017 43018 43018 43022 43024
 43030 43031 43031 43033 43034 43034 43034 43034 43035 43035
 43036 43038 43039 43039 43039 43039 43044 43044 43046 43047
 43047 43047 43048 43059 43059 43060 43061 43061 43061 43062
 43064 43064 43066 43067 43068 43070 43071 43072 43073 43074
 43078 43084 43084 43086 43088 43090 43094 43096 43096 43097
 43097 43097 43098

Array Size = 25
 44018 44024 44039 44033 44069 44087 44081 44018 44008 44020
 44036 44036 44044 44064 44035 44028 44016 44076 44009 44032
 44074 44086 44020 44071 44038

Array Size = 43
 45004 45004 45008 45010 45010 45012 45026 45026 45029 45031
 45031 45034 45038 45039 45040 45047 45050 45051 45059 45060
 45061 45064 45064 45065 45066 45067 45067 45069 45070 45074
 45076 45076 45081 45082 45085 45086 45089 45094 45094 45097
 45098 45098 45099

Array Size = 90
 46076 46073 46023 46065 46086 46036 46026 46078 46072 46098
 46044 46049 46086 46050 46034 46074 46038 46026 46005 46033
 46041 46017 46057 46062 46028 46005 46035 46011 46027 46044
 46038 46053 46069 46072 46001 46051 46038 46074 46006 46007
 46095 46043 46047 46091 46065 46027 46016 46020 46017 46099
 46070 46074 46047 46027 46010 46068 46034 46028 46090 46044
 46095 46006 46009 46024 46046 46016 46025 46020 46033 46086
 46068 46091 46025 46068 46083 46034 46046 46032 46089 46058
 46022 46094 46056 46023 46075 46012 46061 46041 46031 46070


Array Size = 48
 47000 47000 47001 47005 47007 47011 47011 47012 47013 47015
 47015 47017 47020 47023 47023 47025 47026 47029 47031 47031
 47031 47032 47034 47037 47038 47052 47055 47055 47056 47060
 47060 47063 47063 47065 47068 47073 47077 47077 47079 47080
 47084 47086 47090 47093 47095 47095 47097 47099

Array Size = 19
 48090 48041 48033 48020 48026 48016 48054 48063 48031 48084
 48058 48038 48014 48086 48098 48045 48082 48093 48087

Array Size = 12
 49009 49016 49023 49026 49037 49054 49056 49062 49064 49076
 49080 49094

Array Size = 36
 50006 50089 50072 50069 50089 50070 50024 50079 50054 50071
 50087 50038 50009 50063 50097 50098 50001 50053 50053 50039
 50029 50086 50037 50006 50065 50031 50028 50033 50030 50086
 50027 50038 50002 50059 50049 50067

Array Size = 27
 51002 51008 51012 51017 51019 51020 51021 51022 51025 51026
 51028 51031 51038 51038 51045 51048 51049 51053 51068 51070
 51072 51073 51075 51078 51084 51093 51096

Array Size = 67
 52015 52052 52024 52060 52027 52038 52004 52028 52078 52096
 52049 52069 52017 52042 52081 52023 52022 52073 52058 52014
 52005 52087 52019 52070 52085 52098 52051 52070 52024 52088
 52097 52071 52070 52018 52013 52032 52092 52084 52085 52030
 52015 52069 52005 52038 52082 52083 52089 52039 52051 52009
 52069 52032 52046 52080 52027 52074 52023 52014 52022 52003
 52087 52099 52027 52003 52015 52064 52038

Array Size = 47
 53001 53010 53012 53015 53020 53023 53025 53026 53029 53030
 53030 53033 53034 53036 53037 53041 53042 53043 53046 53051
 53055 53057 53057 53058 53060 53061 53061 53064 53066 53069
 53069 53070 53071 53074 53076 53078 53081 53085 53087 53087
 53089 53089 53091 53092 53096 53096 53097

Array Size = 62
 54095 54043 54079 54005 54041 54093 54021 54073 54072 54080
 54072 54008 54031 54076 54099 54035 54094 54060 54042 54075
 54031 54067 54028 54025 54011 54070 54013 54026 54013 54051
 54078 54028 54052 54062 54010 54021 54007 54056 54071 54018
 54042 54022 54041 54028 54013 54042 54025 54062 54056 54062
 54083 54066 54081 54050 54098 54098 54088 54032 54096 54054
 54071 54029

Array Size = 44
 55003 55013 55014 55016 55018 55018 55029 55030 55030 55034
 55037 55037 55041 55041 55043 55044 55046 55054 55057 55057
 55058 55061 55063 55065 55069 55070 55071 55073 55075 55075
 55076 55078 55082 55083 55083 55084 55085 55086 55088 55091
 55093 55095 55096 55099

Array Size = 11
 56071 56043 56044 56078 56023 56069 56022 56037 56081 56040
 56011

Array Size = 72
 57001 57004 57004 57008 57009 57011 57013 57015 57015 57016
 57020 57021 57022 57022 57024 57025 57027 57027 57029 57031
 57033 57034 57036 57036 57038 57039 57039 57040 57040 57041
 57042 57043 57044 57045 57047 57047 57047 57049 57050 57051
 57056 57056 57060 57063 57067 57068 57071 57071 57073 57073
 57074 57077 57078 57078 57080 57081 57083 57084 57085 57089
 57090 57090 57091 57092 57092 57092 57092 57095 57095 57095
 57098 57099

Array Size = 60
 58037 58045 58077 58058 58073 58093 58045 58041 58086 58037
 58078 58004 58002 58006 58023 58062 58031 58052 58046 58065
 58055 58003 58088 58048 58006 58076 58042 58088 58065 58090
 58029 58025 58093 58092 58032 58067 58031 58005 58086 58013
 58075 58060 58032 58083 58048 58064 58049 58043 58021 58055
 58025 58037 58083 58029 58060 58097 58027 58037 58030 58035


Array Size = 25
 59009 59009 59011 59011 59015 59017 59025 59025 59030 59031
 59032 59034 59036 59037 59039 59045 59045 59049 59058 59059
 59074 59078 59086 59088 59089

Array Size = 77
 60006 60037 60077 60043 60092 60051 60012 60079 60090 60035
 60076 60059 60081 60048 60037 60071 60064 60029 60061 60063
 60063 60006 60039 60048 60050 60020 60092 60014 60053 60041
 60039 60030 60022 60093 60055 60072 60059 60092 60041 60082
 60017 60008 60051 60094 60037 60024 60011 60040 60038 60057
 60039 60097 60015 60050 60062 60032 60047 60035 60033 60049
 60025 60035 60098 60024 60079 60071 60084 60015 60056 60052
 60030 60039 60034 60040 60002 60098 60015

Array Size = 73
 61003 61003 61003 61003 61005 61005 61006 61007 61009 61009
 61011 61012 61013 61016 61016 61018 61018 61022 61022 61023
 61023 61025 61026 61030 61031 61031 61033 61035 61035 61039
 61039 61040 61040 61043 61046 61047 61053 61055 61056 61060
 61061 61066 61067 61067 61070 61071 61072 61073 61073 61074
 61074 61076 61076 61077 61078 61078 61080 61081 61083 61085
 61085 61087 61089 61090 61092 61094 61096 61096 61097 61097
 61098 61098 61099

Array Size = 23
 62056 62014 62009 62071 62009 62002 62066 62073 62081 62004
 62030 62010 62045 62000 62080 62078 62065 62022 62050 62022
 62054 62069 62036

Array Size = 69
 63000 63000 63004 63006 63007 63011 63013 63013 63013 63015
 63016 63017 63018 63018 63023 63026 63026 63028 63032 63032
 63032 63032 63033 63034 63035 63035 63035 63035 63037 63037
 63038 63041 63043 63044 63048 63049 63053 63055 63056 63057
 63057 63057 63057 63062 63063 63063 63064 63064 63066 63067
 63069 63072 63072 63073 63077 63078 63078 63080 63080 63082
 63083 63089 63090 63091 63091 63091 63094 63094 63097

Array Size = 20
 64020 64046 64009 64029 64059 64070 64066 64088 64090 64016
 64015 64063 64009 64008 64080 64026 64003 64067 64093 64046


Array Size = 61
 65005 65006 65006 65008 65014 65014 65017 65018 65020 65021
 65022 65023 65024 65025 65026 65026 65026 65026 65027 65030
 65030 65031 65033 65033 65033 65036 65040 65045 65045 65046
 65048 65050 65050 65050 65052 65054 65059 65060 65061 65063
 65067 65068 65069 65069 65070 65071 65073 65074 65075 65076
 65077 65081 65081 65084 65084 65088 65088 65092 65092 65099
 65099

Array Size = 82
 66091 66044 66060 66081 66083 66090 66071 66006 66026 66089
 66093 66064 66019 66077 66003 66003 66077 66070 66088 66041
 66064 66064 66040 66034 66014 66031 66006 66063 66070 66034
 66060 66008 66005 66043 66056 66035 66043 66074 66086 66031
 66044 66092 66045 66098 66045 66053 66003 66068 66089 66096
 66069 66092 66079 66052 66098 66042 66043 66012 66090 66017
 66082 66066 66047 66081 66046 66016 66030 66096 66094 66062
 66092 66059 66070 66002 66012 66036 66060 66094 66070 66036
 66081 66080

Array Size = 98
 67000 67000 67000 67001 67004 67004 67004 67004 67005 67006
 67006 67009 67009 67011 67011 67011 67012 67013 67014 67014
 67014 67017 67017 67018 67018 67018 67019 67019 67021 67028
 67029 67030 67030 67031 67031 67033 67033 67035 67035 67036
 67038 67038 67038 67040 67040 67043 67044 67045 67047 67047
 67049 67050 67052 67053 67054 67054 67055 67056 67057 67057
 67057 67060 67061 67062 67062 67062 67065 67065 67066 67069
 67070 67072 67074 67075 67075 67076 67077 67077 67077 67078
 67081 67082 67082 67082 67085 67085 67086 67087 67089 67091
 67093 67095 67097 67097 67097 67097 67098 67098

Array Size = 58
 68060 68094 68091 68004 68061 68062 68038 68018 68085 68072
 68063 68050 68048 68056 68047 68020 68094 68061 68063 68062
 68094 68066 68056 68099 68026 68036 68094 68026 68016 68050
 68074 68006 68064 68000 68052 68073 68092 68081 68034 68073
 68034 68009 68024 68015 68061 68030 68096 68037 68030 68015
 68057 68054 68025 68055 68019 68044 68010 68051

Array Size = 10
 69024 69030 69044 69051 69072 69082 69086 69090 69094 69097


Array Size = 13
 70006 70070 70088 70097 70009 70047 70031 70055 70034 70010
 70078 70051 70070

Array Size = 48
 71001 71001 71004 71006 71009 71013 71013 71013 71015 71015
 71016 71017 71019 71020 71028 71028 71031 71036 71037 71043
 71044 71044 71053 71055 71060 71061 71061 71062 71064 71074
 71075 71076 71076 71076 71077 71078 71079 71080 71083 71086
 71090 71091 71092 71093 71094 71095 71098 71099

Array Size = 61
 72059 72065 72017 72023 72099 72063 72026 72089 72099 72034
 72069 72095 72099 72053 72009 72081 72082 72022 72086 72021
 72098 72028 72030 72033 72026 72041 72087 72077 72013 72066
 72061 72085 72095 72088 72080 72026 72006 72004 72064 72043
 72043 72005 72093 72013 72087 72092 72009 72047 72050 72096
 72030 72037 72089 72064 72003 72082 72037 72039 72014 72076
 72047

Array Size = 64
 73000 73001 73002 73004 73004 73005 73005 73009 73009 73009
 73010 73012 73013 73013 73014 73014 73015 73015 73016 73022
 73022 73023 73023 73024 73024 73026 73026 73027 73027 73027
 73032 73032 73039 73042 73042 73042 73045 73045 73047 73048
 73053 73053 73055 73059 73059 73060 73062 73063 73063 73064
 73068 73070 73071 73075 73075 73081 73082 73084 73086 73089
 73093 73094 73096 73096

Array Size = 20
 74038 74006 74078 74017 74044 74098 74099 74032 74048 74021
 74086 74087 74093 74014 74035 74089 74057 74014 74007 74068


Array Size = 73
 75000 75001 75002 75003 75003 75004 75005 75005 75006 75007
 75008 75009 75011 75013 75013 75015 75015 75019 75021 75024
 75025 75025 75028 75031 75032 75032 75033 75034 75035 75035
 75035 75038 75038 75040 75041 75042 75042 75044 75045 75047
 75048 75048 75049 75049 75049 75052 75054 75054 75060 75067
 75067 75068 75069 75069 75069 75072 75076 75077 75079 75080
 75081 75082 75083 75085 75086 75087 75088 75089 75091 75092
 75094 75094 75097

Array Size = 16
 76024 76063 76034 76082 76099 76099 76077 76078 76072 76098
 76046 76077 76071 76025 76047 76008

Array Size = 31
 77000 77002 77011 77014 77014 77017 77027 77033 77037 77040
 77040 77044 77052 77054 77064 77074 77075 77075 77079 77080
 77081 77081 77084 77085 77085 77093 77094 77096 77098 77098
 77099

Array Size = 82
 78098 78038 78055 78072 78003 78044 78005 78071 78065 78040
 78021 78046 78000 78099 78074 78022 78014 78067 78089 78037
 78092 78078 78098 78001 78035 78085 78046 78097 78071 78030
 78050 78047 78057 78045 78055 78027 78076 78094 78061 78094
 78056 78005 78019 78003 78033 78062 78003 78014 78049 78062
 78089 78006 78072 78081 78062 78017 78041 78032 78052 78073
 78067 78096 78077 78012 78080 78018 78068 78052 78057 78036
 78004 78004 78020 78039 78049 78025 78082 78071 78027 78047
 78095 78003

Array Size = 19
 79005 79011 79025 79028 79028 79033 79034 79036 79040 79042
 79066 79066 79068 79073 79088 79090 79092 79099 79099

Array Size = 20
 80020 80072 80094 80084 80035 80013 80099 80056 80087 80084
 80036 80013 80046 80057 80070 80084 80038 80073 80065 80042


Array Size = 32
 81002 81013 81015 81018 81027 81027 81032 81045 81045 81047
 81049 81049 81050 81053 81053 81054 81054 81055 81055 81056
 81066 81067 81072 81075 81079 81081 81081 81087 81088 81089
 81097 81099

Array Size = 85
 82000 82010 82002 82080 82039 82092 82046 82098 82034 82069
 82002 82035 82070 82004 82079 82044 82091 82085 82025 82049
 82046 82097 82077 82080 82064 82028 82097 82099 82018 82050
 82077 82037 82018 82024 82097 82090 82030 82005 82001 82000
 82073 82067 82005 82009 82091 82091 82038 82086 82044 82014
 82093 82081 82031 82016 82054 82060 82045 82041 82070 82026
 82008 82027 82026 82005 82032 82065 82001 82080 82012 82099
 82054 82070 82039 82059 82005 82092 82045 82045 82015 82082
 82089 82084 82071 82067 82047

Array Size = 11
 83002 83002 83009 83021 83041 83064 83070 83074 83081 83082
 83094

Array Size = 18
 84083 84068 84072 84043 84044 84017 84060 84078 84031 84099
 84075 84005 84000 84055 84007 84077 84093 84066

Array Size = 73
 85000 85000 85001 85002 85003 85006 85007 85010 85010 85010
 85011 85012 85013 85014 85019 85021 85021 85023 85023 85023
 85023 85026 85027 85028 85028 85029 85029 85032 85033 85033
 85037 85040 85041 85042 85043 85044 85045 85047 85049 85051
 85052 85055 85056 85057 85057 85062 85064 85064 85065 85067
 85070 85072 85072 85073 85076 85077 85079 85080 85081 85081
 85082 85083 85083 85083 85089 85091 85093 85093 85094 85094
 85095 85097 85097

Array Size = 54
 86048 86018 86070 86016 86040 86084 86000 86064 86026 86009
 86044 86076 86060 86070 86059 86025 86015 86086 86098 86007
 86016 86032 86011 86029 86009 86090 86060 86044 86003 86040
 86054 86082 86006 86045 86055 86011 86028 86010 86082 86080
 86079 86009 86074 86072 86011 86078 86073 86007 86077 86043
 86050 86000 86095 86015

Array Size = 53
 87004 87010 87010 87013 87016 87018 87019 87019 87022 87024
 87026 87028 87028 87030 87030 87034 87037 87040 87042 87042
 87048 87050 87053 87057 87058 87058 87060 87060 87062 87063
 87067 87069 87071 87071 87072 87074 87076 87076 87077 87077
 87078 87081 87083 87084 87086 87086 87086 87090 87090 87090
 87093 87096 87098

Array Size = 88
 88013 88061 88009 88007 88015 88067 88071 88058 88019 88029
 88088 88026 88047 88091 88061 88035 88009 88008 88095 88095
 88028 88017 88038 88058 88054 88053 88034 88004 88088 88074
 88089 88085 88050 88094 88016 88081 88047 88047 88010 88029
 88073 88025 88034 88018 88089 88099 88098 88037 88085 88005
 88051 88076 88034 88001 88078 88017 88030 88073 88050 88044
 88076 88037 88075 88002 88044 88013 88078 88052 88019 88074
 88005 88072 88050 88055 88039 88092 88000 88025 88075 88087
 88095 88013 88092 88044 88041 88077 88074 88024

Array Size = 99
 89000 89000 89000 89001 89004 89006 89006 89008 89009 89009
 89009 89009 89010 89010 89011 89012 89012 89015 89016 89018
 89020 89020 89022 89022 89023 89028 89031 89038 89038 89039
 89040 89040 89041 89041 89045 89045 89046 89047 89047 89047
 89048 89049 89049 89049 89050 89051 89052 89052 89052 89053
 89056 89056 89057 89058 89060 89060 89060 89061 89061 89062
 89062 89064 89065 89066 89067 89068 89069 89069 89069 89071
 89071 89072 89073 89073 89073 89078 89080 89080 89081 89081
 89082 89082 89084 89084 89084 89085 89085 89085 89087 89088
 89090 89091 89091 89093 89093 89096 89096 89097 89097

Array Size = 46
 90039 90023 90040 90034 90037 90009 90081 90029 90091 90008
 90072 90098 90042 90081 90005 90018 90094 90090 90009 90017
 90077 90025 90092 90085 90021 90077 90067 90077 90053 90051
 90080 90010 90039 90041 90075 90089 90068 90059 90097 90005
 90083 90008 90038 90036 90001 90069

Array Size = 33
 91003 91004 91006 91007 91010 91011 91015 91017 91018 91018
 91018 91018 91020 91026 91026 91039 91041 91047 91050 91063
 91068 91071 91072 91073 91074 91080 91084 91085 91090 91095
 91096 91097 91098

Array Size = 77
 92099 92080 92037 92011 92080 92071 92086 92030 92076 92094
 92042 92030 92075 92072 92091 92067 92077 92071 92073 92062
 92076 92020 92098 92045 92095 92050 92014 92057 92007 92065
 92031 92054 92020 92071 92074 92098 92032 92069 92021 92098
 92015 92079 92023 92074 92041 92079 92035 92092 92014 92085
 92006 92008 92061 92057 92087 92038 92071 92042 92007 92049
 92029 92022 92027 92042 92070 92074 92011 92078 92050 92059
 92078 92079 92031 92009 92092 92070 92015

Array Size = 15
 93020 93031 93035 93035 93047 93051 93059 93060 93064 93068
 93069 93072 93077 93091 93091

Array Size = 14
 94083 94072 94020 94044 94049 94055 94047 94018 94026 94054
 94034 94090 94027 94090

Array Size = 58
 95000 95002 95004 95006 95007 95009 95012 95013 95014 95015
 95019 95021 95023 95023 95024 95030 95035 95036 95036 95036
 95037 95037 95039 95044 95045 95045 95047 95049 95051 95051
 95051 95052 95054 95055 95055 95062 95062 95063 95063 95063
 95070 95072 95073 95075 95076 95079 95079 95079 95080 95083
 95083 95086 95087 95090 95091 95096 95097 95098

Array Size = 58
 96058 96066 96001 96038 96084 96030 96080 96077 96004 96093
 96093 96071 96015 96081 96000 96055 96018 96059 96052 96049
 96086 96010 96010 96026 96074 96033 96057 96030 96081 96040
 96028 96083 96026 96035 96095 96027 96042 96044 96077 96007
 96056 96023 96054 96056 96030 96014 96082 96010 96050 96003
 96041 96054 96009 96044 96054 96045 96038 96021

Array Size = 42
 97001 97004 97004 97005 97006 97006 97007 97010 97012 97017
 97019 97029 97034 97037 97037 97043 97047 97048 97051 97056
 97056 97057 97057 97058 97059 97061 97064 97068 97070 97072
 97075 97077 97079 97085 97085 97085 97086 97088 97088 97091
 97096 97098

Array Size = 59
 98036 98074 98095 98001 98018 98028 98096 98092 98031 98007
 98097 98052 98030 98080 98029 98091 98099 98030 98094 98056
 98023 98064 98045 98032 98015 98042 98000 98092 98011 98080
 98051 98006 98061 98030 98008 98061 98069 98004 98000 98051
 98044 98044 98035 98091 98060 98048 98070 98008 98067 98005
 98046 98039 98041 98003 98038 98086 98057 98094 98049

Array Size = 36
 99010 99011 99014 99018 99022 99026 99030 99031 99032 99036
 99037 99038 99045 99045 99049 99049 99053 99054 99058 99058
 99059 99062 99067 99069 99069 99076 99078 99079 99080 99082
 99085 99086 99086 99086 99089 99093
2090 82015
 82043 82062 82031 82079 82095 82045 82047 82091 82024 82060
 82033 82000 82076 82087 82056 82015 82016 82064 82020 82089
 82041 82038 82078 82027 82097 82092

Array Size = 88
 83000 83000 83000 83002 83003 83003 83003 83003 83005 83007
 83010 83010 83011 83011 83012 83014 83014 83014 83015 83016
 83017 83017 83020 83021 83022 83022 83023 83024 83025 83025
 83028 83030 83034 83034 83036 83040 83041 83041 83042 83043
 83045 83047 83047 83047 83047 83048 83049 83051 83052 83052
 83052 83053 83055 83056 83058 83058 83060 83060 83061 83061
 83062 83063 83065 83065 83067 83067 83068 83068 83068 83070
 83071 83073 83074 83074 83074 83075 83077 83080 83082 83084
 83089 83091 83092 83094 83095 83096 83097 83097

Array Size = 27
 84022 84064 84083 84084 84003 84009 84084 84046 84072 84083
 84017 84085 84087 84084 84023 84053 84090 84020 84051 84082
 84058 84025 84031 84063 84094 84019 84059

Array Size = 99
 85000 85001 85002 85003 85007 85008 85011 85011 85012 85012
 85015 85015 85018 85021 85021 85022 85022 85023 85024 85025
 85026 85027 85028 85029 85030 85030 85031 85032 85033 85033
 85034 85035 85036 85037 85037 85041 85041 85042 85045 85045
 85048 85051 85052 85053 85054 85054 85054 85055 85055 85056
 85056 85056 85058 85058 85058 85061 85061 85062 85063 85063
 85067 85067 85068 85069 85070 85070 85071 85073 85074 85075
 85076 85078 85079 85079 85080 85082 85083 85083 85083 85084
 85084 85084 85085 85086 85086 85087 85088 85089 85090 85090
 85091 85092 85092 85093 85095 85095 85095 85099 85099

Array Size = 54
 86023 86077 86076 86004 86021 86039 86009 86097 86000 86029
 86081 86052 86084 86015 86060 86085 86079 86037 86024 86038
 86004 86083 86050 86016 86005 86052 86011 86071 86003 86034
 86021 86070 86027 86027 86051 86053 86003 86021 86003 86066
 86094 86094 86007 86012 86056 86039 86026 86081 86037 86001
 86015 86090 86091 86005

Array Size = 70
 87000 87000 87000 87002 87004 87004 87004 87005 87006 87008
 87009 87010 87010 87010 87013 87015 87020 87022 87024 87025
 87028 87029 87030 87033 87036 87037 87037 87038 87041 87041
 87043 87043 87044 87044 87045 87046 87047 87048 87048 87049
 87050 87056 87057 87058 87060 87062 87062 87063 87063 87064
 87064 87064 87069 87069 87070 87070 87073 87073 87076 87080
 87081 87085 87085 87087 87088 87089 87091 87096 87097 87099


Array Size = 12
 88049 88015 88021 88020 88069 88097 88031 88021 88007 88025
 88061 88092

Array Size = 55
 89000 89000 89000 89005 89008 89012 89013 89017 89018 89023
 89024 89024 89027 89029 89031 89031 89033 89033 89036 89036
 89037 89037 89041 89042 89042 89043 89046 89055 89055 89056
 89057 89058 89060 89064 89064 89064 89065 89065 89067 89068
 89069 89069 89074 89078 89079 89085 89086 89087 89089 89089
 89091 89094 89097 89098 89098

Array Size = 85
 90027 90000 90001 90074 90028 90001 90009 90062 90067 90003
 90071 90079 90026 90091 90077 90039 90080 90025 90020 90026
 90042 90059 90026 90026 90044 90041 90083 90006 90079 90098
 90095 90010 90022 90030 90013 90035 90094 90028 90010 90096
 90090 90094 90009 90076 90067 90098 90069 90050 90027 90023
 90083 90049 90064 90025 90070 90022 90036 90069 90057 90050
 90030 90049 90020 90076 90087 90027 90081 90082 90047 90039
 90052 90007 90077 90073 90016 90093 90078 90003 90033 90032
 90048 90008 90095 90047 90021

Array Size = 30
 91000 91000 91005 91006 91009 91010 91011 91014 91014 91016
 91023 91025 91030 91035 91044 91048 91054 91055 91056 91060
 91062 91063 91064 91072 91077 91080 91081 91086 91090 91094


Array Size = 61
 92080 92015 92061 92059 92012 92011 92005 92099 92068 92096
 92022 92099 92020 92039 92098 92080 92015 92068 92072 92079
 92010 92063 92039 92065 92054 92090 92050 92088 92078 92039
 92024 92056 92076 92079 92065 92091 92046 92083 92020 92085
 92048 92099 92094 92014 92028 92036 92062 92057 92045 92066
 92003 92081 92095 92005 92071 92014 92099 92031 92062 92095
 92051

Array Size = 15
 93005 93009 93012 93031 93035 93056 93060 93067 93070 93072
 93078 93079 93081 93097 93097

Array Size = 62
 94006 94009 94086 94053 94066 94083 94053 94094 94065 94008
 94011 94004 94064 94083 94054 94056 94069 94005 94021 94040
 94048 94009 94087 94087 94077 94090 94084 94010 94012 94041
 94081 94036 94088 94076 94078 94030 94020 94029 94016 94026
 94056 94075 94031 94000 94000 94013 94032 94061 94098 94084
 94052 94036 94016 94080 94027 94047 94019 94030 94029 94039
 94010 94041

Array Size = 41
 95003 95004 95004 95006 95010 95014 95015 95019 95019 95023
 95023 95024 95027 95030 95030 95031 95039 95042 95042 95043
 95043 95043 95046 95047 95055 95055 95061 95062 95065 95065
 95067 95071 95076 95078 95078 95082 95086 95089 95089 95091
 95096

Array Size = 32
 96014 96098 96082 96062 96071 96099 96096 96073 96039 96073
 96096 96040 96022 96068 96020 96034 96093 96003 96039 96024
 96059 96048 96039 96019 96096 96054 96007 96049 96018 96058
 96061 96006

Array Size = 19
 97000 97012 97021 97024 97028 97028 97029 97031 97036 97042
 97055 97059 97064 97065 97078 97083 97083 97085 97089

Array Size = 56
 98016 98095 98062 98070 98057 98061 98028 98091 98035 98070
 98049 98081 98026 98022 98013 98040 98001 98025 98093 98045
 98037 98098 98028 98006 98040 98088 98086 98058 98023 98027
 98015 98008 98011 98018 98007 98067 98047 98088 98040 98085
 98048 98049 98033 98092 98023 98031 98059 98068 98063 98040
 98002 98002 98071 98093 98016 98056

Array Size = 80
 99002 99003 99003 99004 99006 99007 99008 99009 99009 99009
 99012 99013 99013 99015 99017 99021 99021 99022 99023 99024
 99025 99025 99026 99027 99027 99028 99029 99032 99032 99036
 99037 99038 99040 99042 99042 99042 99045 99046 99049 99050
 99051 99052 99054 99056 99056 99057 99057 99060 99060 99061
 99061 99062 99062 99063 99065 99067 99068 99069 99071 99071
 99076 99078 99078 99081 99082 99083 99083 99084 99084 99085
 99087 99089 99090 99090 99093 99094 99095 99097 99098 99098

7 98031 98068 98045 98075 98001 98049
 98096 98082 98009 98002 98052 98072 98057 98082 98089 98045
 98068 98071 98038 98049 98031 98007 98058 98069 98042 98020
 98022 98087 98065 98006 98060 98062 98081 98018 98093 98085
 98085 98056 98017 98010 98040 98040 98057 98081 98019 98065
 98091 98093 98075 98093 98003 98042 98052 98029 98036 98000
 98029 98064 98024 98015 98031 98014 98004 98078 98021 98071
 98057 98013 98047 98043 98028 98040 98021 98074 98034 98054
 98006 98030 98029 98033 98056 98006 98091 98019 98024 98059
 98075 98069 98032 98060

Array Size = 36
 99001 99004 99009 99009 99009 99009 99013 99017 99023 99025
 99029 99029 99031 99033 99034 99041 99052 99053 99054 99055
 99058 99059 99060 99062 99064 99074 99079 99084 99086 99087
 99088 99091 99093 99093 99094 99098
56 98096 98065 98042 98035 98085 98091 98099
 98079 98007 98013 98062 98073 98027 98023 98004 98029 98079
 98067 98095 98036 98056 98026 98023 98055 98006 98080 98063
 98013 98009 98041 98086 98074 98012 98070 98069 98044 98080
 98072 98089 98009 98018 98084 98092 98070 98061 98090 98067
 98090 98047 98034 98023 98096 98043

Array Size = 82
 99000 99002 99003 99003 99003 99007 99008 99009 99010 99012
 99013 99015 99015 99015 99016 99017 99018 99019 99020 99021
 99021 99022 99023 99024 99024 99026 99026 99026 99029 99031
 99031 99033 99034 99034 99036 99037 99037 99039 99041 99042
 99042 99043 99044 99044 99047 99048 99048 99050 99053 99056
 99056 99056 99057 99058 99059 99061 99063 99063 99064 99065
 99069 99071 99072 99073 99075 99076 99077 99082 99083 99085
 99089 99090 99090 99091 99092 99093 99094 99094 99095 99098
 99098 99099
088 99090 99091
 99093 99095 99095 99096 99096 99097 99099 99099
