
Array Size = 45
    74    93     8    61    44    12    90    42     7    46
    99    47    71    86    19    75     9    32    66    39
    69    93     8    39    24     8    10    33    42    52
    99    50    12    89    84    86    35    50    32    45
    33    36    66    17     8

Array Size = 35
  1001  1002  1003  1004  1005  1006  1006  1013  1015  1017
  1019  1030  1059  1063  1064  1065  1065  1067  1073  1077
  1078  1078  1078  1080  1081  1082  1084  1085  1085  1086
  1088  1089  1094  1096  1098

Array Size = 15
  2058  2068  2064  2014  2052  2018  2099  2095  2029  2057
  2095  2074  2098  2066  2012

Array Size = 34
  3000  3002  3009  3013  3016  3020  3024  3024  3027  3030
  3032  3033  3039  3043  3044  3046  3054  3056  3056  3060
  3062  3062  3065  3068  3069  3071  3079  3080  3088  3088
  3097  3097  3098  3098

Array Size = 61
  4045  4001  4043  4036  4023  4063  4087  4073  4009  4095
  4020  4002  4048  4093  4030  4027  4072  4076  4096  4092
  4010  4084  4013  4056  4039  4091  4059  4098  4098  4061
  4063  4083  4049  4022  4095  4009  4018  4097  4037  4065
  4049  4024  4053  4089  4047  4081  4081  4026  4033  4030
  4045  4054  4021  4060  4081  4038  4023  4057  4088  4045
  4020

Array Size = 34
  5005  5007  5015  5016  5018  5018  5019  5022  5022  5028
  5028  5037  5039  5040  5042  5044  5046  5047  5047  5048
  5050  5053  5055  5057  5061  5062  5063  5064  5064  5070
  5078  5086  5090  5095

Array Size = 77
  6067  6053  6084  6096  6063  6034  6051  6011  6061  6081
  6019  6023  6018  6068  6026  6082  6063  6088  6059  6082
  6044  6000  6035  6011  6099  6001  6076  6056  6053  6079
  6096  6041  6081  6014  6013  6094  6010  6079  6084  6058
  6001  6051  6075  6022  6049  6072  6025  6046  6036  6007
  6019  6082  6077  6079  6095  6035  6057  6051  6088  6065
  6089  6003  6094  6030  6050  6098  6043  6071  6077  6076
  6097  6032  6072  6070  6004  6003  6086

Array Size = 72
  7002  7003  7005  7005  7007  7009  7010  7010  7010  7010
  7011  7015  7015  7018  7019  7019  7019  7021  7025  7026
  7027  7033  7034  7038  7039  7040  7043  7043  7045  7046
  7046  7048  7048  7048  7048  7049  7049  7050  7053  7054
  7055  7056  7056  7061  7061  7063  7063  7067  7069  7071
  7072  7074  7074  7074  7075  7076  7076  7077  7079  7080
  7081  7082  7082  7083  7085  7091  7093  7094  7095  7095
  7096  7098

Array Size = 85
  8082  8033  8037  8009  8027  8016  8013  8084  8078  8094
  8050  8066  8089  8027  8005  8022  8010  8038  8035  8073
  8092  8087  8060  8033  8016  8096  8023  8064  8036  8040
  8021  8086  8006  8084  8057  8037  8006  8046  8028  8043
  8095  8074  8095  8037  8008  8039  8080  8071  8085  8061
  8075  8031  8019  8035  8033  8048  8095  8084  8044  8014
  8060  8083  8032  8027  8026  8008  8068  8042  8047  8023
  8081  8027  8058  8050  8069  8050  8027  8042  8067  8061
  8004  8020  8037  8082  8010

Array Size = 69
  9002  9006  9008  9010  9010  9014  9015  9018  9018  9018
  9020  9021  9022  9023  9024  9025  9026  9026  9027  9028
  9028  9028  9033  9036  9036  9036  9038  9040  9040  9042
  9043  9045  9047  9048  9049  9050  9051  9053  9055  9057
  9057  9060  9060  9064  9064  9066  9066  9068  9069  9070
  9071  9072  9074  9077  9080  9080  9080  9080  9081  9082
  9085  9087  9087  9090  9093  9094  9096  9097  9097

Array Size = 84
 10014 10016 10064 10039 10056 10034 10023 10043 10009 10072
 10020 10055 10050 10021 10003 10079 10052 10072 10069 10007
 10003 10035 10073 10006 10017 10021 10056 10077 10044 10074
 10044 10016 10057 10074 10016 10058 10082 10036 10006 10042
 10015 10061 10006 10090 10059 10023 10094 10093 10048 10001
 10051 10004 10023 10088 10066 10076 10016 10058 10041 10056
 10018 10087 10012 10016 10006 10046 10051 10058 10086 10005
 10019 10039 10089 10011 10076 10010 10096 10090 10089 10077
 10095 10058 10090 10021

Array Size = 21
 11000 11002 11006 11023 11024 11026 11030 11031 11040 11042
 11049 11052 11054 11054 11061 11068 11077 11084 11087 11094
 11098

Array Size = 41
 12053 12058 12049 12041 12015 12040 12015 12044 12073 12001
 12049 12062 12076 12068 12019 12057 12059 12029 12065 12054
 12001 12040 12058 12099 12050 12061 12072 12014 12007 12059
 12072 12008 12030 12045 12079 12048 12089 12095 12001 12027
 12075

Array Size = 40
 13002 13009 13012 13014 13014 13015 13021 13023 13025 13028
 13028 13035 13036 13037 13040 13045 13045 13048 13049 13050
 13050 13058 13059 13060 13061 13062 13064 13067 13071 13075
 13078 13082 13084 13085 13086 13087 13089 13090 13099 13099


Array Size = 74
 14018 14061 14036 14044 14065 14038 14017 14013 14007 14098
 14039 14026 14040 14040 14099 14099 14088 14022 14085 14082
 14010 14004 14096 14000 14012 14002 14022 14003 14090 14079
 14084 14021 14008 14085 14036 14019 14028 14050 14075 14093
 14015 14054 14014 14040 14011 14084 14006 14030 14043 14033
 14065 14001 14018 14066 14024 14025 14075 14048 14045 14070
 14029 14033 14037 14042 14010 14072 14035 14035 14030 14043
 14077 14052 14060 14049

Array Size = 93
 15001 15002 15002 15004 15004 15004 15004 15004 15005 15005
 15005 15007 15007 15007 15009 15010 15010 15011 15011 15012
 15012 15013 15016 15017 15019 15019 15022 15022 15023 15023
 15024 15025 15025 15025 15027 15028 15030 15030 15030 15036
 15037 15038 15042 15047 15047 15048 15048 15049 15049 15050
 15052 15054 15055 15055 15056 15057 15057 15060 15061 15062
 15062 15063 15063 15065 15066 15068 15071 15073 15073 15074
 15074 15075 15075 15077 15078 15079 15083 15083 15084 15085
 15087 15088 15090 15090 15091 15091 15093 15094 15096 15097
 15097 15097 15099

Array Size = 21
 16008 16029 16000 16066 16053 16014 16042 16087 16071 16030
 16001 16071 16098 16084 16003 16086 16009 16046 16005 16033
 16064

Array Size = 42
 17006 17007 17010 17011 17018 17019 17021 17023 17028 17031
 17034 17038 17038 17043 17043 17044 17047 17051 17052 17054
 17055 17056 17061 17064 17065 17065 17068 17069 17069 17073
 17079 17080 17080 17085 17086 17086 17086 17087 17089 17091
 17092 17097

Array Size = 37
 18055 18039 18076 18055 18087 18053 18057 18026 18087 18021
 18058 18021 18039 18088 18038 18016 18080 18021 18009 18097
 18047 18045 18067 18025 18084 18038 18063 18029 18088 18048
 18091 18051 18030 18040 18018 18099 18001

Array Size = 27
 19006 19014 19020 19023 19027 19031 19033 19033 19033 19036
 19040 19044 19045 19051 19059 19060 19066 19067 19070 19076
 19080 19084 19086 19087 19090 19091 19091

Array Size = 91
 20066 20084 20070 20061 20078 20004 20070 20045 20063 20048
 20074 20067 20065 20010 20049 20069 20096 20032 20019 20071
 20001 20005 20059 20030 20054 20078 20010 20086 20042 20000
 20052 20016 20067 20090 20048 20015 20027 20049 20003 20026
 20038 20030 20027 20077 20052 20070 20033 20066 20008 20083
 20073 20045 20099 20014 20048 20098 20096 20032 20077 20029
 20058 20057 20023 20066 20088 20001 20051 20070 20048 20039
 20064 20072 20096 20049 20028 20051 20042 20045 20074 20074
 20078 20028 20086 20059 20008 20050 20081 20006 20012 20029
 20032

Array Size = 64
 21002 21004 21006 21009 21013 21015 21015 21015 21016 21016
 21021 21028 21030 21031 21032 21033 21033 21036 21036 21036
 21037 21038 21039 21040 21041 21044 21046 21047 21048 21050
 21051 21051 21052 21053 21054 21054 21055 21055 21055 21057
 21061 21066 21067 21067 21067 21069 21070 21071 21072 21072
 21072 21073 21073 21074 21074 21076 21077 21078 21078 21079
 21082 21089 21089 21095

Array Size = 33
 22037 22056 22011 22026 22099 22041 22008 22024 22056 22099
 22040 22029 22078 22071 22000 22035 22049 22029 22092 22076
 22049 22070 22058 22088 22014 22055 22023 22099 22019 22039
 22091 22036 22036

Array Size = 59
 23001 23002 23004 23004 23004 23005 23008 23012 23014 23016
 23023 23024 23024 23031 23031 23034 23036 23040 23041 23043
 23045 23046 23046 23049 23050 23050 23050 23051 23055 23057
 23057 23061 23062 23065 23066 23066 23067 23067 23068 23072
 23072 23073 23074 23075 23076 23078 23081 23082 23082 23084
 23086 23087 23087 23088 23089 23089 23091 23095 23099

Array Size = 82
 24034 24051 24021 24063 24041 24044 24089 24066 24009 24050
 24094 24077 24024 24011 24007 24038 24088 24057 24051 24069
 24039 24062 24045 24035 24063 24026 24003 24096 24008 24034
 24064 24066 24018 24074 24084 24061 24036 24031 24013 24090
 24078 24070 24039 24025 24065 24046 24076 24012 24082 24013
 24062 24034 24038 24042 24083 24096 24001 24077 24047 24034
 24061 24060 24019 24022 24094 24097 24050 24087 24092 24021
 24074 24064 24086 24060 24037 24023 24066 24018 24042 24031
 24018 24044

Array Size = 36
 25001 25003 25003 25007 25007 25007 25008 25010 25017 25020
 25020 25020 25021 25026 25027 25032 25037 25039 25045 25048
 25049 25050 25050 25060 25063 25065 25074 25074 25075 25078
 25078 25078 25079 25083 25085 25095

Array Size = 42
 26063 26021 26008 26083 26033 26021 26029 26023 26000 26091
 26047 26042 26010 26044 26059 26018 26038 26078 26053 26050
 26033 26056 26055 26028 26053 26097 26048 26077 26092 26021
 26021 26007 26021 26085 26015 26033 26086 26045 26091 26048
 26037 26065

Array Size = 76
 27000 27000 27001 27002 27002 27003 27007 27008 27009 27009
 27012 27014 27016 27018 27018 27018 27019 27023 27023 27023
 27024 27025 27027 27028 27029 27030 27030 27030 27032 27032
 27034 27034 27037 27037 27038 27040 27041 27042 27043 27049
 27049 27050 27054 27058 27058 27060 27061 27062 27062 27063
 27065 27066 27069 27071 27073 27073 27073 27074 27074 27075
 27077 27078 27081 27082 27085 27085 27085 27087 27087 27091
 27091 27093 27096 27097 27098 27099

Array Size = 86
 28014 28055 28024 28024 28099 28096 28053 28057 28077 28032
 28064 28023 28025 28015 28087 28053 28008 28016 28087 28041
 28071 28045 28048 28098 28000 28082 28004 28093 28032 28055
 28080 28009 28096 28037 28092 28002 28044 28007 28080 28022
 28062 28021 28094 28050 28094 28083 28064 28011 28071 28080
 28069 28008 28018 28044 28008 28062 28073 28085 28010 28096
 28021 28035 28054 28059 28079 28079 28023 28039 28062 28052
 28049 28082 28037 28001 28003 28091 28008 28090 28086 28031
 28065 28050 28002 28096 28076 28077

Array Size = 61
 29001 29002 29006 29007 29008 29008 29009 29012 29016 29017
 29022 29027 29029 29034 29036 29037 29037 29038 29038 29041
 29041 29041 29041 29045 29046 29050 29050 29053 29056 29058
 29059 29059 29061 29064 29065 29066 29067 29067 29067 29070
 29072 29072 29072 29072 29072 29077 29077 29078 29078 29079
 29086 29088 29089 29089 29092 29092 29092 29093 29097 29099
 29099

Array Size = 35
 30099 30029 30011 30009 30031 30059 30084 30057 30027 30004
 30053 30081 30075 30099 30057 30040 30018 30063 30007 30038
 30023 30092 30061 30051 30066 30064 30007 30096 30017 30094
 30094 30036 30073 30076 30076

Array Size = 73
 31001 31003 31004 31006 31006 31007 31007 31009 31009 31010
 31011 31012 31013 31014 31020 31020 31021 31022 31022 31023
 31028 31029 31032 31032 31033 31036 31036 31037 31039 31039
 31041 31042 31043 31044 31046 31049 31052 31055 31057 31059
 31061 31062 31062 31063 31064 31064 31065 31067 31067 31068
 31071 31073 31073 31075 31076 31080 31081 31082 31083 31083
 31084 31087 31089 31089 31093 31093 31096 31096 31097 31097
 31097 31098 31098

Array Size = 79
 32012 32068 32031 32068 32020 32054 32060 32043 32090 32054
 32043 32003 32081 32064 32067 32006 32056 32080 32016 32029
 32097 32076 32098 32039 32006 32061 32082 32020 32070 32004
 32034 32026 32053 32024 32060 32030 32052 32041 32070 32076
 32030 32008 32048 32092 32034 32045 32082 32052 32005 32057
 32013 32073 32005 32057 32002 32060 32078 32022 32092 32086
 32078 32055 32073 32046 32075 32068 32090 32029 32005 32069
 32042 32012 32016 32013 32094 32070 32012 32070 32052

Array Size = 75
 33000 33001 33001 33006 33008 33008 33009 33010 33010 33010
 33011 33011 33013 33014 33015 33015 33021 33022 33023 33024
 33026 33028 33029 33030 33030 33031 33031 33031 33032 33032
 33035 33036 33036 33037 33037 33038 33038 33039 33040 33041
 33042 33042 33042 33044 33044 33045 33045 33047 33047 33048
 33051 33052 33053 33053 33058 33059 33062 33063 33064 33064
 33073 33075 33077 33077 33079 33082 33086 33089 33090 33092
 33093 33094 33094 33098 33099

Array Size = 40
 34084 34094 34002 34036 34050 34088 34028 34048 34088 34075
 34086 34071 34063 34034 34038 34092 34040 34089 34083 34021
 34062 34099 34026 34016 34057 34061 34001 34063 34085 34031
 34061 34025 34012 34054 34078 34073 34066 34062 34096 34047


Array Size = 37
 35005 35005 35007 35010 35012 35012 35016 35022 35023 35026
 35026 35029 35034 35035 35037 35038 35040 35041 35043 35043
 35045 35046 35052 35055 35057 35065 35066 35067 35070 35073
 35076 35076 35091 35092 35093 35094 35096

Array Size = 37
 36023 36082 36093 36044 36055 36089 36040 36073 36032 36025
 36025 36084 36006 36096 36058 36023 36099 36005 36025 36039
 36002 36094 36025 36096 36005 36037 36016 36021 36035 36061
 36034 36072 36006 36012 36011 36024 36026

Array Size = 71
 37000 37004 37004 37006 37007 37009 37012 37013 37015 37019
 37019 37021 37023 37024 37024 37024 37025 37026 37026 37028
 37028 37029 37029 37029 37030 37030 37031 37031 37035 37035
 37037 37038 37040 37041 37044 37044 37046 37047 37047 37048
 37050 37051 37051 37053 37053 37057 37060 37061 37062 37063
 37067 37069 37071 37071 37073 37079 37080 37080 37081 37082
 37082 37084 37092 37093 37093 37093 37095 37097 37097 37098
 37099

Array Size = 60
 38080 38038 38080 38027 38038 38061 38056 38001 38026 38089
 38066 38059 38004 38021 38072 38052 38082 38045 38066 38048
 38043 38088 38006 38079 38056 38067 38048 38053 38021 38067
 38079 38072 38093 38062 38094 38095 38004 38007 38050 38008
 38030 38018 38077 38099 38016 38089 38034 38005 38068 38050
 38060 38022 38033 38051 38001 38099 38057 38046 38081 38016


Array Size = 33
 39000 39000 39007 39012 39018 39018 39019 39019 39023 39026
 39026 39028 39029 39030 39035 39037 39041 39042 39049 39051
 39053 39053 39055 39060 39071 39072 39076 39077 39080 39084
 39085 39089 39096

Array Size = 14
 40092 40003 40063 40027 40075 40074 40062 40043 40036 40025
 40011 40099 40072 40031

Array Size = 83
 41001 41002 41005 41005 41005 41007 41008 41008 41008 41009
 41010 41011 41012 41013 41015 41016 41019 41019 41019 41023
 41024 41025 41026 41027 41028 41030 41033 41036 41038 41040
 41040 41042 41042 41043 41043 41047 41048 41048 41048 41050
 41055 41055 41055 41057 41058 41058 41059 41062 41063 41067
 41070 41070 41071 41071 41071 41072 41073 41075 41076 41076
 41076 41077 41077 41077 41078 41081 41082 41083 41084 41086
 41087 41087 41088 41088 41089 41090 41093 41094 41094 41094
 41095 41098 41098

Array Size = 25
 42073 42005 42089 42094 42031 42065 42087 42045 42043 42070
 42093 42053 42019 42090 42016 42025 42060 42060 42085 42086
 42087 42027 42094 42091 42083

Array Size = 64
 43004 43005 43009 43011 43012 43012 43015 43022 43023 43023
 43025 43026 43026 43027 43028 43029 43032 43035 43036 43038
 43038 43039 43041 43044 43045 43046 43048 43048 43048 43050
 43051 43052 43054 43055 43058 43059 43060 43063 43063 43063
 43065 43066 43066 43067 43068 43069 43069 43073 43073 43078
 43079 43081 43081 43082 43088 43088 43090 43090 43093 43093
 43093 43095 43096 43098

Array Size = 69
 44036 44094 44054 44043 44020 44004 44020 44013 44085 44009
 44043 44004 44057 44048 44083 44070 44047 44041 44047 44094
 44033 44005 44065 44033 44099 44095 44089 44058 44041 44054
 44048 44093 44052 44014 44030 44083 44080 44078 44046 44027
 44047 44049 44035 44085 44013 44067 44063 44099 44043 44035
 44028 44097 44088 44072 44009 44051 44015 44034 44003 44023
 44066 44045 44098 44093 44007 44037 44096 44014 44094

Array Size = 35
 45000 45005 45008 45012 45012 45013 45017 45028 45029 45031
 45038 45038 45039 45046 45054 45056 45056 45061 45063 45065
 45067 45068 45078 45078 45084 45085 45089 45090 45090 45092
 45093 45095 45095 45098 45099

Array Size = 62
 46022 46095 46095 46060 46096 46064 46033 46098 46057 46064
 46016 46077 46096 46064 46047 46068 46002 46092 46070 46036
 46053 46025 46052 46075 46065 46013 46037 46050 46067 46077
 46043 46038 46049 46059 46078 46079 46038 46005 46033 46012
 46047 46071 46048 46073 46022 46055 46051 46032 46093 46096
 46029 46023 46010 46019 46094 46081 46029 46079 46007 46042
 46083 46029

Array Size = 45
 47002 47003 47004 47005 47005 47005 47007 47008 47008 47009
 47011 47013 47015 47015 47015 47019 47025 47026 47028 47033
 47035 47035 47038 47040 47042 47044 47045 47051 47052 47054
 47057 47058 47060 47068 47073 47079 47085 47088 47089 47094
 47097 47097 47098 47098 47099

Array Size = 52
 48074 48014 48036 48076 48096 48048 48023 48045 48056 48093
 48031 48045 48056 48089 48013 48099 48097 48087 48085 48061
 48098 48020 48069 48044 48001 48049 48038 48089 48074 48039
 48076 48036 48060 48033 48091 48052 48050 48047 48007 48002
 48089 48097 48085 48027 48028 48012 48051 48093 48025 48018
 48040 48077

Array Size = 51
 49000 49002 49004 49005 49006 49012 49019 49019 49021 49022
 49024 49025 49026 49026 49034 49034 49036 49041 49041 49043
 49045 49045 49047 49052 49056 49061 49063 49065 49067 49068
 49075 49076 49078 49079 49079 49079 49080 49083 49084 49086
 49086 49088 49088 49088 49088 49091 49091 49093 49093 49096
 49097

Array Size = 63
 50002 50013 50059 50038 50084 50019 50030 50083 50002 50029
 50073 50089 50008 50004 50058 50023 50089 50027 50026 50058
 50061 50065 50055 50030 50078 50012 50036 50048 50083 50065
 50047 50086 50097 50018 50041 50090 50016 50037 50092 50063
 50087 50016 50095 50054 50092 50018 50084 50090 50063 50076
 50006 50034 50029 50089 50056 50026 50048 50078 50083 50003
 50018 50090 50097

Array Size = 45
 51000 51002 51012 51012 51013 51013 51014 51014 51017 51017
 51017 51022 51027 51040 51046 51046 51048 51051 51051 51053
 51055 51058 51060 51061 51062 51063 51063 51063 51064 51065
 51066 51067 51067 51069 51070 51070 51071 51075 51077 51084
 51084 51087 51089 51093 51099

Array Size = 22
 52061 52011 52035 52047 52094 52000 52002 52071 52068 52018
 52008 52014 52028 52092 52008 52068 52080 52026 52063 52004
 52098 52035

Array Size = 57
 53003 53003 53004 53008 53009 53011 53013 53014 53018 53021
 53021 53022 53023 53025 53026 53028 53029 53030 53032 53036
 53037 53038 53039 53046 53048 53049 53049 53053 53055 53059
 53062 53065 53065 53068 53069 53070 53072 53072 53074 53074
 53074 53077 53081 53083 53085 53086 53087 53088 53090 53093
 53093 53094 53095 53096 53096 53097 53099

Array Size = 32
 54024 54005 54049 54012 54004 54092 54052 54023 54009 54017
 54098 54055 54027 54006 54095 54035 54068 54019 54076 54019
 54031 54045 54089 54053 54051 54098 54074 54091 54005 54000
 54098 54046

Array Size = 18
 55003 55008 55015 55020 55021 55038 55039 55040 55044 55044
 55053 55057 55058 55058 55071 55073 55083 55097

Array Size = 35
 56075 56040 56010 56020 56036 56021 56097 56007 56081 56054
 56015 56005 56074 56007 56024 56014 56019 56083 56009 56093
 56098 56070 56084 56061 56037 56027 56010 56044 56090 56042
 56004 56001 56055 56091 56041

Array Size = 42
 57001 57001 57006 57019 57022 57022 57029 57030 57031 57032
 57032 57035 57035 57045 57050 57050 57052 57053 57058 57058
 57061 57065 57068 57068 57076 57076 57077 57080 57081 57082
 57084 57085 57086 57086 57088 57090 57093 57096 57097 57097
 57098 57099

Array Size = 33
 58081 58010 58060 58030 58098 58044 58018 58011 58070 58024
 58039 58054 58048 58087 58040 58043 58050 58041 58083 58004
 58013 58031 58071 58041 58036 58083 58099 58045 58031 58036
 58005 58047 58026

Array Size = 57
 59000 59001 59003 59007 59011 59014 59019 59021 59021 59022
 59023 59024 59025 59028 59028 59028 59029 59030 59032 59033
 59034 59035 59035 59038 59038 59038 59040 59041 59042 59042
 59043 59045 59046 59054 59055 59056 59056 59058 59059 59060
 59065 59065 59068 59069 59074 59074 59075 59079 59083 59086
 59088 59089 59090 59092 59092 59095 59098

Array Size = 41
 60077 60008 60058 60066 60019 60016 60073 60004 60026 60080
 60075 60060 60083 60055 60077 60095 60064 60087 60013 60038
 60056 60085 60070 60044 60068 60018 60069 60059 60092 60011
 60083 60013 60064 60034 60061 60003 60040 60024 60016 60085
 60068

Array Size = 11
 61002 61033 61037 61038 61043 61044 61054 61071 61089 61093
 61096

Array Size = 10
 62003 62071 62014 62022 62038 62084 62083 62080 62011 62038


Array Size = 29
 63001 63004 63007 63009 63009 63014 63022 63023 63024 63024
 63028 63031 63040 63040 63041 63043 63045 63051 63052 63062
 63066 63070 63071 63075 63084 63087 63093 63094 63099

Array Size = 49
 64045 64036 64018 64062 64051 64054 64086 64046 64047 64007
 64039 64091 64011 64070 64089 64061 64081 64011 64004 64094
 64067 64082 64019 64066 64097 64037 64089 64025 64084 64019
 64019 64038 64050 64059 64025 64040 64041 64016 64073 64036
 64036 64008 64066 64051 64032 64099 64064 64053 64055

Array Size = 44
 65000 65001 65001 65004 65004 65008 65013 65014 65016 65016
 65020 65022 65025 65026 65026 65030 65040 65051 65051 65052
 65060 65063 65063 65065 65066 65066 65066 65067 65070 65072
 65073 65073 65075 65078 65083 65086 65086 65087 65089 65091
 65092 65095 65098 65098

Array Size = 92
 66038 66065 66064 66028 66011 66072 66053 66047 66015 66013
 66023 66042 66009 66048 66066 66038 66064 66016 66095 66027
 66029 66043 66076 66029 66057 66067 66080 66080 66029 66092
 66073 66025 66036 66071 66071 66038 66056 66066 66031 66069
 66035 66011 66054 66074 66054 66053 66068 66002 66047 66064
 66001 66058 66065 66079 66036 66004 66036 66084 66031 66000
 66019 66026 66070 66013 66094 66008 66001 66044 66008 66083
 66037 66020 66012 66011 66095 66014 66089 66008 66007 66020
 66021 66092 66063 66083 66091 66014 66070 66048 66092 66022
 66039 66086

Array Size = 73
 67000 67000 67000 67008 67012 67015 67017 67018 67018 67021
 67023 67023 67024 67024 67025 67025 67026 67028 67028 67030
 67030 67031 67032 67036 67036 67038 67040 67040 67043 67045
 67045 67045 67046 67047 67048 67051 67051 67052 67052 67052
 67055 67055 67056 67057 67059 67061 67061 67065 67066 67067
 67067 67068 67069 67070 67071 67071 67073 67076 67077 67079
 67079 67083 67086 67089 67089 67095 67095 67096 67096 67097
 67097 67098 67099

Array Size = 97
 68097 68019 68037 68061 68042 68083 68056 68059 68028 68030
 68014 68026 68084 68042 68042 68062 68021 68071 68052 68044
 68088 68009 68012 68029 68057 68089 68095 68083 68084 68032
 68024 68097 68015 68073 68090 68056 68045 68098 68055 68049
 68047 68086 68016 68048 68092 68009 68075 68077 68081 68070
 68085 68023 68061 68026 68077 68060 68089 68020 68072 68008
 68020 68037 68066 68054 68077 68080 68029 68002 68075 68058
 68065 68098 68040 68076 68078 68011 68032 68086 68086 68073
 68069 68020 68010 68044 68005 68088 68002 68050 68002 68072
 68078 68027 68084 68009 68084 68039 68091

Array Size = 71
 69002 69005 69005 69007 69008 69014 69014 69015 69015 69016
 69023 69027 69028 69028 69029 69030 69032 69032 69036 69037
 69037 69037 69038 69040 69040 69042 69042 69042 69043 69043
 69043 69045 69045 69046 69048 69048 69049 69049 69050 69054
 69054 69055 69056 69056 69058 69059 69059 69068 69068 69071
 69071 69072 69072 69074 69075 69076 69081 69084 69088 69088
 69089 69089 69091 69091 69093 69093 69095 69096 69096 69096
 69096

Array Size = 25
 70097 70062 70038 70000 70072 70037 70002 70085 70034 70076
 70010 70093 70045 70094 70024 70049 70092 70077 70043 70038
 70061 70022 70060 70084 70026

Array Size = 68
 71000 71001 71003 71006 71008 71008 71008 71008 71009 71010
 71010 71011 71013 71019 71019 71019 71021 71030 71031 71032
 71033 71033 71034 71034 71035 71035 71037 71038 71040 71041
 71042 71042 71043 71043 71047 71049 71051 71052 71054 71054
 71056 71058 71059 71060 71063 71064 71065 71067 71068 71069
 71074 71076 71076 71077 71080 71081 71082 71084 71085 71092
 71093 71094 71095 71095 71096 71096 71097 71099

Array Size = 36
 72006 72044 72093 72078 72004 72025 72059 72099 72028 72015
 72062 72095 72090 72031 72096 72011 72019 72079 72046 72042
 72057 72071 72069 72074 72015 72039 72036 72077 72060 72060
 72008 72056 72086 72027 72060 72097

Array Size = 46
 73000 73000 73001 73002 73004 73006 73008 73012 73015 73017
 73019 73023 73026 73029 73029 73033 73033 73037 73039 73040
 73040 73043 73044 73048 73051 73053 73056 73062 73064 73073
 73075 73076 73078 73078 73080 73082 73084 73085 73087 73087
 73091 73092 73093 73094 73098 73099

Array Size = 23
 74035 74083 74065 74046 74094 74050 74037 74092 74051 74096
 74097 74094 74013 74069 74003 74061 74066 74096 74057 74086
 74013 74013 74059

Array Size = 14
 75013 75014 75015 75019 75044 75052 75060 75066 75077 75085
 75088 75095 75096 75097

Array Size = 51
 76018 76035 76091 76054 76000 76097 76032 76040 76013 76046
 76020 76075 76089 76057 76089 76024 76009 76008 76050 76014
 76019 76080 76034 76059 76042 76065 76021 76019 76007 76007
 76082 76013 76040 76007 76027 76066 76056 76018 76053 76098
 76005 76071 76078 76003 76073 76062 76021 76088 76043 76039
 76004

Array Size = 73
 77000 77000 77001 77002 77002 77003 77004 77004 77005 77006
 77006 77008 77011 77011 77013 77017 77017 77017 77018 77020
 77021 77023 77024 77025 77025 77027 77031 77031 77032 77032
 77034 77035 77036 77039 77039 77040 77041 77041 77042 77048
 77048 77049 77049 77050 77050 77051 77052 77053 77058 77061
 77062 77066 77067 77067 77068 77070 77071 77072 77072 77072
 77075 77075 77077 77083 77086 77086 77090 77091 77092 77093
 77096 77096 77099

Array Size = 68
 78007 78045 78081 78098 78049 78051 78020 78003 78071 78072
 78077 78005 78090 78089 78098 78042 78074 78089 78058 78086
 78004 78050 78094 78025 78086 78081 78015 78015 78021 78003
 78075 78081 78028 78083 78042 78030 78082 78065 78036 78005
 78017 78000 78070 78070 78019 78060 78043 78089 78065 78099
 78081 78027 78096 78008 78054 78012 78097 78009 78037 78041
 78032 78025 78043 78079 78081 78003 78062 78026

Array Size = 59
 79000 79001 79004 79005 79005 79006 79009 79012 79014 79014
 79015 79016 79018 79020 79023 79025 79027 79030 79032 79032
 79033 79036 79037 79041 79044 79045 79046 79050 79050 79051
 79051 79052 79052 79053 79055 79056 79056 79059 79059 79062
 79065 79066 79067 79073 79073 79074 79075 79078 79082 79082
 79083 79085 79085 79091 79094 79094 79098 79098 79099

Array Size = 54
 80003 80034 80034 80042 80072 80095 80017 80003 80054 80048
 80023 80009 80041 80003 80098 80034 80088 80064 80012 80035
 80014 80097 80042 80027 80001 80015 80093 80084 80028 80064
 80080 80074 80029 80075 80033 80007 80056 80003 80079 80015
 80094 80091 80091 80055 80070 80098 80008 80065 80065 80070
 80080 80019 80021 80040

Array Size = 18
 81004 81014 81019 81023 81024 81029 81032 81040 81043 81045
 81047 81071 81080 81090 81091 81091 81094 81096

Array Size = 66
 82027 82085 82025 82058 82078 82087 82009 82065 82088 82010
 82060 82087 82070 82058 82072 82067 82011 82087 82084 82042
 82069 82010 82020 82049 82011 82090 82057 82079 82021 82049
 82087 82000 82064 82013 82093 82086 82061 82066 82013 82096
 82030 82043 82078 82071 82045 82069 82035 82029 82046 82027
 82072 82086 82091 82081 82068 82071 82031 82070 82066 82093
 82012 82046 82020 82069 82012 82083

Array Size = 27
 83000 83008 83010 83010 83011 83015 83017 83021 83024 83025
 83032 83032 83036 83043 83044 83049 83050 83058 83061 83061
 83062 83066 83076 83078 83085 83092 83094

Array Size = 24
 84000 84026 84088 84037 84055 84096 84058 84091 84093 84034
 84053 84032 84076 84031 84099 84090 84037 84031 84050 84087
 84092 84088 84084 84047

Array Size = 84
 85002 85002 85003 85004 85006 85006 85007 85008 85009 85010
 85011 85011 85012 85016 85016 85017 85017 85018 85021 85022
 85022 85023 85024 85025 85025 85025 85026 85027 85029 85029
 85030 85031 85033 85033 85035 85038 85042 85043 85051 85051
 85051 85052 85053 85054 85054 85055 85057 85057 85059 85059
 85060 85060 85061 85066 85068 85069 85069 85069 85071 85071
 85072 85074 85074 85076 85077 85078 85079 85081 85082 85087
 85088 85088 85089 85089 85090 85090 85091 85091 85091 85093
 85093 85094 85097 85097

Array Size = 28
 86096 86038 86080 86020 86019 86041 86057 86062 86002 86010
 86067 86099 86038 86028 86076 86069 86078 86060 86090 86006
 86044 86059 86095 86036 86060 86057 86065 86071

Array Size = 29
 87001 87002 87002 87002 87018 87030 87032 87035 87035 87036
 87036 87037 87043 87046 87047 87050 87052 87071 87075 87076
 87078 87078 87080 87086 87087 87089 87094 87095 87096

Array Size = 36
 88078 88047 88019 88065 88046 88042 88023 88037 88039 88065
 88074 88055 88085 88057 88026 88063 88089 88063 88051 88090
 88072 88083 88099 88049 88029 88019 88084 88031 88008 88049
 88054 88070 88018 88098 88065 88090

Array Size = 23
 89015 89015 89018 89020 89021 89029 89029 89038 89039 89045
 89047 89054 89061 89063 89068 89069 89069 89073 89074 89087
 89089 89089 89089

Array Size = 90
 90038 90014 90095 90058 90011 90078 90015 90032 90023 90091
 90066 90001 90083 90020 90083 90062 90004 90083 90070 90034
 90038 90070 90089 90098 90047 90042 90001 90039 90029 90009
 90022 90017 90090 90030 90026 90061 90053 90082 90032 90083
 90047 90079 90066 90061 90047 90083 90083 90014 90055 90037
 90083 90073 90016 90093 90022 90078 90046 90044 90068 90095
 90069 90003 90084 90089 90037 90079 90097 90092 90040 90059
 90019 90074 90036 90047 90013 90044 90056 90070 90088 90037
 90037 90063 90081 90024 90003 90086 90090 90006 90014 90070


Array Size = 96
 91000 91003 91003 91004 91005 91008 91008 91009 91010 91013
 91013 91013 91015 91016 91016 91017 91017 91018 91019 91021
 91025 91026 91027 91029 91029 91030 91032 91034 91034 91035
 91035 91036 91036 91039 91039 91040 91040 91041 91041 91042
 91049 91050 91052 91052 91052 91054 91054 91055 91056 91057
 91059 91059 91061 91062 91063 91063 91064 91065 91067 91068
 91070 91071 91072 91072 91073 91073 91074 91075 91076 91076
 91077 91077 91078 91079 91079 91079 91080 91080 91082 91082
 91082 91084 91084 91084 91085 91086 91088 91089 91094 91095
 91096 91096 91097 91097 91097 91098

Array Size = 41
 92038 92080 92031 92062 92089 92082 92018 92085 92064 92017
 92063 92095 92098 92001 92015 92099 92039 92024 92000 92061
 92029 92055 92046 92001 92028 92048 92094 92077 92068 92054
 92072 92082 92036 92048 92025 92094 92005 92006 92018 92034
 92014

Array Size = 75
 93001 93002 93003 93003 93003 93006 93006 93009 93010 93010
 93011 93012 93015 93016 93018 93018 93020 93021 93023 93023
 93024 93025 93026 93026 93028 93029 93031 93032 93032 93033
 93033 93034 93034 93036 93036 93036 93036 93037 93038 93038
 93041 93043 93049 93051 93052 93052 93053 93055 93056 93066
 93066 93073 93075 93075 93076 93077 93078 93079 93079 93081
 93082 93083 93084 93084 93086 93087 93090 93091 93091 93095
 93096 93096 93096 93097 93099

Array Size = 86
 94055 94043 94088 94053 94096 94015 94082 94012 94083 94079
 94083 94086 94036 94095 94033 94062 94061 94050 94014 94027
 94013 94016 94092 94038 94013 94028 94070 94044 94096 94071
 94018 94000 94076 94079 94008 94094 94059 94066 94074 94058
 94000 94002 94044 94018 94060 94059 94073 94014 94072 94009
 94041 94032 94047 94070 94004 94072 94076 94025 94012 94069
 94054 94006 94013 94000 94075 94005 94063 94051 94016 94008
 94042 94024 94038 94075 94053 94082 94013 94019 94038 94062
 94039 94006 94044 94043 94069 94039

Array Size = 60
 95005 95005 95005 95006 95007 95007 95009 95015 95019 95021
 95021 95024 95024 95025 95026 95030 95031 95031 95032 95032
 95034 95035 95035 95035 95037 95037 95038 95040 95044 95046
 95051 95055 95055 95055 95058 95060 95062 95063 95065 95065
 95066 95068 95070 95070 95073 95077 95078 95085 95085 95089
 95089 95091 95092 95092 95093 95095 95097 95097 95098 95099


Array Size = 86
 96026 96095 96064 96082 96097 96054 96082 96048 96066 96061
 96095 96060 96020 96022 96038 96074 96007 96014 96078 96054
 96014 96029 96026 96008 96026 96010 96058 96000 96065 96025
 96006 96025 96089 96084 96095 96058 96022 96042 96054 96001
 96045 96069 96073 96082 96048 96014 96070 96089 96000 96008
 96092 96082 96077 96064 96043 96097 96096 96024 96086 96005
 96004 96071 96049 96050 96057 96009 96029 96031 96045 96066
 96046 96085 96087 96064 96075 96047 96085 96009 96045 96014
 96057 96078 96088 96098 96047 96035

Array Size = 61
 97001 97002 97002 97004 97005 97006 97008 97008 97009 97009
 97009 97016 97018 97019 97023 97024 97026 97027 97027 97031
 97031 97040 97044 97045 97047 97049 97049 97050 97050 97053
 97055 97055 97056 97057 97057 97058 97060 97060 97062 97062
 97063 97065 97065 97066 97068 97069 97070 97070 97071 97071
 97074 97076 97076 97083 97085 97086 97087 97088 97088 97096
 97097

Array Size = 11
 98041 98066 98079 98031 98065 98000 98045 98089 98095 98006
 98071

Array Size = 95
 99000 99000 99000 99001 99002 99003 99003 99005 99006 99007
 99007 99008 99009 99009 99009 99011 99011 99013 99013 99017
 99018 99019 99023 99024 99025 99026 99026 99028 99030 99030
 99031 99032 99033 99034 99035 99035 99035 99036 99037 99037
 99038 99039 99040 99041 99042 99042 99042 99043 99043 99044
 99046 99048 99049 99050 99051 99051 99051 99053 99053 99054
 99055 99057 99057 99058 99058 99059 99064 99065 99066 99067
 99067 99068 99072 99072 99072 99073 99075 99077 99077 99078
 99078 99079 99083 99085 99085 99089 99089 99090 99090 99091
 99092 99095 99096 99096 99098
4
 88022 88005 88035

Array Size = 21
 89002 89006 89013 89018 89024 89025 89029 89030 89034 89035
 89051 89052 89055 89067 89075 89078 89079 89085 89090 89097
 89098

Array Size = 36
 90097 90060 90033 90058 90047 90044 90049 90010 90083 90054
 90097 90078 90038 90089 90020 90021 90031 90055 90022 90040
 90033 90089 90035 90014 90051 90005 90016 90016 90011 90008
 90065 90085 90048 90011 90055 90052

Array Size = 88
 91000 91001 91002 91003 91003 91005 91005 91005 91006 91006
 91009 91010 91010 91012 91014 91015 91016 91018 91020 91023
 91026 91026 91027 91031 91034 91034 91036 91036 91036 91038
 91038 91038 91038 91039 91041 91042 91043 91044 91044 91045
 91047 91051 91052 91053 91054 91054 91054 91057 91059 91061
 91062 91062 91062 91062 91063 91064 91064 91064 91064 91065
 91065 91067 91067 91067 91068 91071 91072 91073 91073 91074
 91075 91076 91078 91082 91082 91083 91087 91087 91087 91087
 91088 91089 91092 91094 91095 91097 91097 91098

Array Size = 14
 92078 92061 92073 92074 92098 92078 92055 92018 92020 92010
 92003 92099 92098 92069

Array Size = 44
 93001 93004 93005 93008 93008 93009 93009 93019 93021 93025
 93026 93032 93034 93035 93036 93037 93040 93041 93042 93045
 93046 93046 93049 93053 93054 93056 93057 93058 93061 93065
 93066 93075 93076 93079 93090 93091 93092 93092 93094 93095
 93096 93098 93098 93099

Array Size = 51
 94074 94041 94017 94032 94086 94057 94065 94005 94011 94085
 94084 94041 94097 94079 94059 94058 94036 94087 94000 94031
 94068 94063 94096 94060 94069 94033 94098 94088 94067 94015
 94014 94055 94082 94096 94087 94092 94034 94017 94028 94015
 94079 94066 94040 94059 94007 94038 94099 94058 94020 94056
 94006

Array Size = 46
 95003 95004 95004 95005 95009 95012 95013 95016 95017 95019
 95020 95021 95021 95024 95024 95026 95027 95028 95028 95028
 95031 95031 95031 95033 95036 95040 95048 95049 95051 95052
 95053 95054 95054 95056 95061 95065 95075 95077 95080 95082
 95083 95083 95089 95090 95091 95094

Array Size = 60
 96033 96010 96022 96043 96086 96086 96003 96081 96026 96060
 96083 96049 96093 96012 96012 96055 96097 96091 96063 96053
 96044 96020 96014 96027 96005 96072 96094 96078 96056 96038
 96063 96069 96059 96059 96022 96077 96049 96056 96075 96035
 96025 96048 96089 96043 96096 96069 96039 96025 96046 96035
 96044 96003 96006 96055 96029 96011 96091 96060 96053 96034


Array Size = 33
 97000 97001 97006 97006 97016 97021 97023 97025 97025 97026
 97026 97027 97032 97038 97038 97038 97039 97039 97042 97042
 97042 97046 97047 97049 97050 97055 97066 97069 97069 97078
 97088 97094 97096

Array Size = 76
 98097 98026 98019 98043 98015 98007 98057 98023 98034 98026
 98093 98010 98035 98014 98075 98001 98015 98034 98098 98047
 98056 98074 98072 98016 98088 98028 98043 98071 98055 98084
 98012 98066 98016 98087 98087 98079 98020 98049 98087 98042
 98099 98021 98063 98074 98039 98041 98041 98037 98082 98018
 98034 98033 98010 98069 98034 98063 98006 98027 98009 98061
 98076 98042 98063 98042 98005 98064 98052 98048 98049 98023
 98015 98031 98080 98058 98064 98056

Array Size = 68
 99000 99001 99004 99005 99006 99009 99009 99011 99011 99014
 99016 99017 99018 99018 99019 99019 99020 99022 99024 99024
 99028 99028 99029 99030 99030 99031 99031 99032 99033 99036
 99037 99037 99039 99040 99041 99043 99043 99050 99052 99053
 99053 99056 99056 99058 99059 99063 99064 99064 99071 99073
 99077 99083 99084 99085 99087 99087 99087 99089 99089 99090
 99091 99093 99094 99095 99095 99096 99097 99098
98036 98027 98060 98065 98094
 98056 98042 98010 98074 98009 98046 98062 98016 98055 98092
 98086 98039 98065 98069 98005 98057 98057 98013 98099 98021
 98037 98095 98062 98048 98058 98029 98002 98089 98073 98076
 98032 98054 98016 98030 98037 98076 98000 98095 98018 98071


Array Size = 57
 99004 99010 99011 99013 99014 99016 99017 99019 99019 99020
 99021 99022 99028 99028 99029 99029 99030 99030 99031 99031
 99034 99038 99039 99039 99042 99042 99044 99045 99047 99048
 99052 99052 99053 99054 99055 99055 99056 99057 99058 99062
 99063 99068 99071 99074 99079 99080 99080 99081 99081 99081
 99082 99086 99088 99089 99092 99092 99097
99019 99020 99021 99022 99023 99028 99030
 99031 99031 99032 99032 99032 99033 99035 99036 99037 99037
 99038 99038 99039 99039 99042 99044 99044 99044 99047 99048
 99049 99049 99050 99051 99051 99051 99052 99052 99052 99052
 99052 99053 99054 99054 99055 99055 99055 99056 99056 99056
 99057 99058 99059 99059 99060 99061 99064 99064 99066 99067
 99067 99068 99069 99072 99074 99076 99076 99077 99078 99084
 99084 99086 99090 99091 99091 99094 99095 99099 99099 99099

